11.9075
11.6388
11.4271
11.586
11.4489
11.4141
11.7384
11.5747
11.2473
11.4906
11.933
11.4827
11.5404
11.6706
11.595
11.65
11.4155
11.7633
11.7219
11.8065
11.5181
11.4834
11.6475
11.6165
11.5049
11.5147
11.6472
11.5721
11.6552
11.5549
11.6172
11.4823
11.3247
11.4621
11.2919
11.9097
11.4194
11.1573
11.8226
11.8211
11.5152
11.6123
11.697
11.6627
11.5589
11.4644
11.8394
11.4099
11.4996
11.6471
11.5628
11.7858
11.7467
11.6093
11.2431
11.3211
11.6574
12.0017
11.9478
11.4789
11.3186
11.6475
11.7006
11.2827
11.4537
11.653
11.7674
12.0838
11.4127
11.3305
12.0769
11.5201
11.3591
11.4536
11.5426
11.4535
11.8531
11.7299
11.8455
11.5546
11.4022
11.8998
11.3689
11.5398
11.6354
11.8694
11.5267
11.5029
11.9362
11.772
11.7753
11.6032
11.6535
11.6667
11.3568
11.6032
11.1775
11.829
11.7643
11.9075
11.6228
11.9232
11.4913
11.678
11.6791
11.8361
11.6029
11.5268
11.5082
11.4083
11.5571
11.4272
11.5776
12.0194
11.6299
11.503
11.8625
11.5507
11.8266
11.3952
11.5236
12.1087
11.5342
11.8293
11.5087
11.6013
11.6666
11.6123
11.5786
11.6404
11.6261
11.9237
11.5285
11.7987
11.2788
11.7738
11.4369
11.8496
11.8086
11.6176
11.8591
11.7601
11.4461
11.4302
11.6445
11.7041
11.7492
11.6964
11.9012
11.6189
11.4357
11.7201
11.5288
10.7008
11.2787
11.6387
11.923
11.8014
11.1109
11.8389
11.864
11.5236
11.407
11.3717
11.6886
11.8402
11.8626
11.3996
11.8099
11.7516
11.7027
11.7734
11.8376
11.7995
11.7426
11.4537
11.7079
11.3867
11.5326
11.3776
11.8169
11.6957
11.7011
11.7559
11.8501
11.6203
11.5749
11.4829
11.561
11.7535
11.6952
11.2643
11.659
11.7084
12.0428
11.6327
11.5485
11.4723
11.6388
11.6228
11.6774
11.8125
11.5152
11.6097
11.5157
11.6518
11.532
11.3347
11.5596
11.3057
11.6854
11.6372
12.0679
11.6481
11.3524
11.8915
11.8321
11.4625
11.4017
11.3437
11.8522
11.2738
11.4075
11.7955
11.8363
11.4583
11.9642
11.2367
11.6392
11.6446
11.7842
11.5743
11.4798
11.836
11.6717
11.3885
11.8588
11.3282
11.8899
11.6527
11.6722
11.1074
11.5566
11.471
11.4378
11.334
11.8184
11.5907
11.6011
11.5629
11.5939
11.5242
11.5022
11.382
11.6333
11.5889
12.0827
11.5708
11.7835
11.482
11.6082
11.8532
11.5097
11.9322
11.7264
11.7421
11.362
11.7348
11.7687
11.3821
11.6174
11.7728
11.4304
11.7376
11.6315
11.7237
11.444
11.4489
11.3578
11.5139
11.7805
11.9318
11.8237
11.4972
11.5098
11.812
11.6142
11.6067
11.6599
11.8367
11.549
11.3489
11.5566
11.3256
11.5353
11.8397
11.7682
11.4271
11.9232
11.6774
11.9024
11.9032
11.526
11.8694
11.4429
11.8695
11.6891
11.624
11.8151
11.6269
11.7153
11.8604
11.6644
11.4839
11.7259
11.516
11.794
11.8623
11.1606
12.0894
11.781
11.6269
11.4901
11.6233
11.8825
11.5736
11.561
11.4323
11.6775
11.7181
11.8273
11.6569
11.8162
11.3713
11.5339
11.6962
11.8645
11.412
11.7227
11.7707
11.5903
12.0719
11.7336
11.6144
11.5155
11.9653
11.8582
11.9875
11.9265
11.7268
11.7882
11.7618
11.5808
11.3154
11.8143
11.9801
11.6942
11.4633
12.0093
11.4778
11.1873
11.3017
11.9179
11.6134
12.159
11.8642
11.6542
11.9138
11.6939
11.6719
11.6156
11.3419
11.743
12.0989
11.9777
11.9139
11.772
11.9957
11.7417
11.8381
11.8826
11.7859
11.5186
11.8625
11.8077
11.5302
11.7988
11.618
11.8284
11.8972
12.0516
11.698
11.4036
11.7887
11.7997
11.8674
11.586
11.4913
11.8125
11.9024
11.2233
11.5549
11.7413
11.4459
11.4047
11.5403
11.4439
11.5749
11.4771
11.5124
11.7012
11.6532
11.3616
11.4165
11.48
11.4379
11.2763
11.566
11.6254
11.3816
11.4657
11.5192
11.5598
11.8211
11.4591
11.6001
11.7376
11.708
11.4765
11.6549
11.6613
11.5208
11.4854
11.5528
11.6878
11.7424
11.6001
11.6345
11.3946
11.4752
11.7682
11.5342
11.9522
11.2156
11.4225
11.4542
11.3205
11.4649
11.3698
11.6424
11.3409
11.4904
11.6898
11.6868
11.8138
11.7355
11.4653
11.4268
11.5186
11.4646
11.5111
11.4392
12.2602
11.6533
11.7566
11.8991
11.45
11.575
11.805
11.6862
11.7188
11.9172
11.5335
11.9095
11.2916
11.8796
11.6561
11.7523
11.6432
12.0269
11.6769
11.6037
11.7758
11.3577
11.6182
11.4998
11.4621
11.5412
11.4335
11.7029
11.4743
11.5441
11.2606
11.8698
11.8534
11.4489
11.678
11.5152
11.9032
11.2233
11.1627
11.9742
11.6399
11.5004
11.509
11.6951
11.4809
11.386
11.6561
11.8299
11.8524
11.4035
11.2051
11.4626
11.6028
11.3704
11.5057
11.6352
11.5345
11.4449
11.4526
11.1727
11.4229
11.5474
11.5221
11.7462
12.1098
11.5054
11.5322
11.314
11.5437
11.3835
11.4297
11.7299
11.4036
11.5054
11.8873
11.965
11.5832
11.6812
11.2373
11.6905
11.5989
11.5602
11.6713
11.4487
11.6015
11.7349
11.0535
11.3153
11.3248
11.9103
11.6266
11.4705
11.7628
11.3703
11.3913
11.8186
11.6578
11.8024
11.5072
11.4757
11.4361
11.3864
11.5017
11.983
11.6448
11.8451
11.3071
11.7255
11.6842
11.6124
11.5481
11.2887
11.8157
11.7114
11.4936
11.7306
11.9167
11.825
11.6052
11.5312
11.651
11.6181
11.3721
11.656
11.7439
11.3986
11.6357
11.4576
11.7711
11.4407
11.6924
11.5325
11.4141
11.6791
11.6097
11.526
11.5549
11.1627
11.5603
11.4887
11.4791
11.4881
11.1029
11.178
11.1925
11.1183
11.5718
11.5626
11.4274
11.675
11.6235
11.3957
11.2457
10.8213
12.0327
11.6026
11.1412
11.2716
11.3604
11.6493
11.2613
11.51
11.4666
11.6156
11.8954
11.8029
11.2442
11.4086
11.2864
11.4133
11.3976
11.3095
11.1845
11.3254
11.5372
11.3076
11.5983
11.5504
11.096
11.2739
11.446
11.3701
11.4347
11.2735
11.4222
11.1647
11.3279
11.3369
11.722
11.5297
11.489
11.1926
11.5402
11.6981
11.2907
11.3287
11.3997
11.5984
11.5353
11.8369
11.1014
11.7621
11.5919
11.3854
10.9553
11.3873
11.3931
11.1863
11.5749
11.3234
11.2578
11.4148
11.4422
11.5906
11.4045
11.7748
11.7509
11.1111
11.4859
11.2923
11.4019
11.5291
11.2495
11.4186
11.255
11.2622
11.5408
11.511
11.0623
11.5922
11.5446
11.7384
11.8361
11.5157
11.8694
11.7413
11.9742
11.5603
11.7246
11.6602
11.7112
11.8487
11.4486
11.4091
11.7377
11.4609
11.599
11.5863
11.5618
11.5602
11.4157
11.2668
11.5208
11.8191
11.8999
11.5984
11.6326
11.844
12.2165
11.7436
11.8207
11.3695
11.8365
11.9983
11.7479
11.9086
11.8093
11.8541
11.3702
11.7724
11.8895
11.7139
11.7212
11.4453
11.7876
11.413
11.7132
11.8688
11.6624
11.8615
11.777
11.8998
11.7803
11.915
11.6815
11.1206
11.1821
11.6513
11.7847
12.1216
11.553
11.5923
11.5313
11.5348
11.4689
11.5405
11.6451
11.9143
12.0605
11.5386
11.8331
12.1115
11.708
11.6825
11.8886
11.7868
11.6353
11.7071
12.0095
11.7022
11.7594
11.4147
11.9858
11.6729
11.7345
12.1142
11.7835
11.2785
11.6726
11.7011
11.6734
11.546
11.3507
11.6102
11.5435
11.7469
11.8183
11.2852
11.7531
11.7065
11.5747
11.6029
11.6518
11.4429
11.4459
11.6399
11.4887
11.7246
11.5622
11.1251
11.5857
11.1994
11.3634
11.6421
11.5276
11.4554
11.4305
11.3966
11.3813
11.5084
11.334
11.6955
11.788
11.3025
11.3006
11.6417
11.4587
11.3305
11.5183
11.3539
11.4716
11.2528
11.4404
11.0121
11.7848
11.4529
11.5456
11.2101
11.6984
11.2398
11.3691
11.3116
11.5089
11.5577
11.3976
11.4002
11.6154
11.1147
11.8943
11.6524
11.2063
11.4138
10.9774
11.4701
11.3242
11.1944
11.5236
11.5406
11.5685
11.2567
11.2592
11.4205
11.425
11.3612
11.2178
11.5535
11.7577
11.7803
11.1834
11.6007
11.3018
11.4151
11.4878
11.1465
11.3379
11.2305
11.2559
11.6226
11.0779
11.4454
11.3992
11.292
11.4461
11.6845
11.4528
11.5204
11.3477
11.6658
11.3366
11.732
11.2897
10.9284
11.1532
11.4766
11.3286
11.3843
11.5892
11.9456
11.5812
11.2473
11.5268
11.532
11.8695
11.4047
11.5004
11.4791
11.6602
11.5622
11.4869
11.2459
11.5802
11.3117
11.855
11.9383
11.5461
11.3861
11.6759
11.797
11.6055
11.4562
11.3982
11.7481
11.2786
11.8632
11.5875
11.4848
11.9225
11.3451
11.1529
11.6555
11.8806
11.5997
11.1185
11.7682
11.2881
11.5181
11.2953
11.5799
11.6066
11.7913
11.8373
11.4266
11.2609
11.3611
11.4647
11.6938
11.7076
11.4861
11.7504
11.5213
11.7695
11.7405
11.6471
11.284
11.0839
11.7215
11.4322
11.4364
11.4726
11.7298
11.7409
11.4623
11.4328
11.2917
11.1404
11.6653
11.4847
11.3909
11.4812
11.8889
11.3097
11.7169
11.6741
11.732
11.4794
11.613
11.774
11.5105
11.435
11.4881
11.5938
11.3939
11.9052
11.7625
11.562
11.7377
11.4438
11.7237
11.2225
11.7335
11.6998
11.372
11.2755
11.5244
11.2462
11.5948
11.7087
11.4399
11.4906
11.5082
11.3347
11.6891
11.5403
11.509
11.4881
11.7112
11.1251
11.4869
11.7393
11.4746
11.5506
11.5168
11.825
11.7455
11.3037
11.5669
11.5689
11.3127
11.9864
11.5955
11.733
11.6668
11.5633
11.5173
11.5252
11.5378
11.6322
11.5328
11.3866
11.1833
11.4024
11.3632
11.257
11.7539
11.2256
11.3412
11.7249
11.4285
11.5589
11.6988
12.0814
11.2185
11.7573
11.0841
11.5315
11.2284
11.4732
11.5922
11.4496
11.8821
11.5728
11.5961
11.4284
11.5154
11.5986
11.7722
11.4881
11.7113
11.3127
11.6368
10.8042
11.5214
11.3829
11.5423
11.7967
11.6374
11.5307
11.2885
12.0657
11.6168
11.7535
11.2595
11.5543
11.4814
11.8805
11.8147
11.5455
11.5262
11.4132
11.3538
11.4566
11.8673
11.6533
11.8616
11.8308
11.3833
11.6914
11.6967
11.7048
11.3553
11.1371
11.8543
11.1547
11.4798
11.4995
11.636
11.5696
11.933
11.4083
11.5596
11.624
11.4439
11.6951
11.1029
11.8487
11.5857
11.2459
11.7393
11.6842
11.7889
11.5146
11.4862
11.4057
11.7099
11.4739
11.6464
11.5592
11.5794
11.3887
11.7912
11.4679
11.1703
11.3794
11.4007
11.6238
11.4904
11.5549
11.6056
11.5661
11.9985
11.6926
11.5846
11.3785
11.7447
11.3061
11.4413
11.4665
11.6409
11.737
11.523
11.6585
11.5265
11.5552
11.796
11.5664
11.5545
11.8115
11.5136
11.4006
11.6851
11.5218
11.2649
11.2454
11.7102
11.7391
11.6919
11.6361
11.6241
11.679
11.6138
11.7502
11.4615
11.5507
11.7604
11.4793
11.4293
11.5805
12.0304
11.5994
11.5684
11.4663
11.6487
11.5423
11.5202
11.9076
11.4303
11.3374
11.2796
11.2636
11.6557
11.765
11.7327
11.7701
11.5481
11.2088
11.5947
11.3987
11.9267
11.7969
11.37
11.4516
11.5511
11.5163
11.5421
11.9777
11.5165
11.4827
11.5571
11.3057
11.8151
11.5749
11.4809
11.178
11.4486
11.1994
11.5802
11.4746
11.6842
11.3762
11.5641
11.9054
11.3946
11.0453
11.5225
11.2697
11.7577
11.5056
11.66
11.5968
11.4693
11.5828
11.5081
11.1949
11.6663
11.7729
11.5927
11.8974
11.6682
11.8521
12.0882
11.6837
11.5792
11.8937
11.351
11.703
11.3514
11.6666
12.0033
11.51
11.8074
11.5141
11.2093
11.4112
11.3875
11.4573
11.6365
11.9845
11.5668
11.575
11.4309
11.3858
11.1931
11.6195
11.6774
11.9846
11.4394
11.5821
11.7532
11.371
11.4523
11.7411
11.4876
11.548
11.7768
11.4652
11.6469
11.608
11.5823
11.8523
11.0117
11.5686
11.6337
12.065
11.6318
11.4814
11.8122
11.2256
11.6176
11.6896
11.7698
11.7249
11.6046
11.4666
11.5441
11.9336
11.6956
11.6015
11.5627
11.5925
11.738
11.4446
11.5195
11.5708
11.6453
11.5422
11.5404
11.4272
11.6854
11.6269
11.4771
11.386
11.1925
11.4091
11.3634
11.3117
11.5506
11.7889
11.3762
11.2593
11.5378
11.5867
11.4209
11.5969
11.376
11.7616
11.6273
11.1476
11.6813
11.4204
11.4191
11.5427
12.0172
11.573
11.2509
11.5391
11.5583
11.5915
11.8744
11.5486
11.6459
11.8505
11.2143
11.5366
11.3273
11.4192
11.2967
11.6549
11.2405
11.3614
11.57
11.4867
11.5169
11.1566
11.6
11.2393
11.6669
11.4609
11.6024
11.3307
11.3087
11.7188
11.6174
11.585
11.7338
11.5181
11.4514
11.638
11.392
11.5323
11.4964
11.3854
11.7007
11.6322
11.6127
11.9378
11.6589
11.5769
11.9993
11.304
11.7422
11.7237
11.4032
11.677
11.4697
11.4123
11.3963
11.7972
11.5153
11.7186
11.619
11.6805
11.7521
11.5038
11.5531
11.612
11.9078
11.348
11.5458
11.3275
11.4524
11.7519
11.6353
11.87
11.3316
11.6706
11.5776
11.6372
11.7153
11.5124
11.6561
11.1183
11.7377
11.6421
11.855
11.5168
11.5146
11.5641
11.2593
11.8514
11.3709
11.3062
11.3825
11.3589
11.6651
11.3919
11.1645
11.9675
11.5681
11.6617
11.4205
11.5828
11.8509
11.5382
11.8745
11.745
11.4579
12.0401
11.8922
11.7892
11.9229
11.2337
11.8432
11.7256
11.526
11.4232
11.5851
11.684
12.0233
11.2985
11.4968
11.4675
11.3545
11.6539
11.5862
11.7357
11.4899
11.7013
11.4876
11.29
11.2985
12.1214
11.515
11.4319
11.3739
11.7405
11.7109
11.3543
11.6686
11.4191
11.5109
11.6659
11.7703
11.5627
11.9777
11.8875
10.9226
11.9817
11.7232
11.9036
11.6714
11.5872
11.8482
11.4631
11.6623
11.5429
11.9856
11.8714
11.5803
11.9489
11.7055
11.7894
11.7704
11.6934
11.976
11.3372
11.3124
11.7274
11.8956
11.7432
11.5111
11.588
11.5021
11.4043
11.595
12.0194
12.0679
11.8604
11.7012
11.8299
11.5718
11.4609
11.5276
11.9383
11.825
11.4862
11.9054
11.5378
11.8514
12.0148
11.7272
11.9044
11.5229
12.1917
11.5885
11.7937
11.908
11.7014
11.7901
11.7834
11.9973
12.0791
11.746
11.7109
11.8579
11.7923
11.873
11.7808
12.2027
11.9281
11.4573
11.8828
11.6602
11.8941
11.5518
12.0101
12.0697
11.8849
11.8805
11.6992
11.5944
11.5987
12.2163
12.0547
11.8295
11.878
11.926
11.7737
11.6106
11.5401
11.9102
12.1542
12.152
11.9098
11.9786
11.5503
12.0613
11.8927
11.7619
11.9207
11.9065
11.761
11.5797
12.1626
12.0436
11.8831
12.0101
11.7428
11.7931
11.8769
11.948
11.655
11.9418
11.6549
11.7907
11.8012
11.7726
11.7207
12.2117
11.7032
11.7118
11.5635
11.674
11.7763
11.9773
11.9209
11.4428
11.912
11.7767
11.8884
11.6072
11.8488
11.7083
11.65
11.6299
11.6481
11.6644
11.6532
11.8524
11.5626
11.599
11.4554
11.5461
11.7455
11.4057
11.3946
11.5867
11.3709
12.0148
11.1698
11.4947
11.3838
11.7611
11.6071
11.4267
11.8021
11.2797
11.5308
11.3777
11.5111
11.8414
11.1766
11.7479
11.7749
11.4347
11.3486
11.3008
11.4351
11.4313
11.6328
11.0816
11.3982
11.1558
11.6757
11.5723
11.5329
11.6005
11.4306
11.8585
11.3657
11.7423
11.814
11.53
11.6699
11.7185
11.6843
11.6333
11.1907
11.6631
11.2943
11.4618
11.3321
11.4974
11.5013
11.5715
11.5022
11.1579
11.4044
11.2801
11.6754
11.3911
11.0278
11.5286
11.6752
11.3379
11.6386
11.7009
11.6333
11.783
11.9947
11.7011
11.4451
11.4273
11.4615
11.5503
11.555
11.7683
11.8545
11.8193
11.6329
11.5445
11.6475
11.6715
11.9174
11.4033
11.6948
11.7625
11.1005
11.5126
11.0214
11.5628
11.5412
11.4155
11.503
11.3524
11.4839
11.3616
11.4035
11.4274
11.5863
11.4305
11.3861
11.3037
11.7099
11.0453
11.4209
11.3062
11.7272
11.1698
11.6678
11.6108
11.5416
11.5599
11.4933
11.6174
11.2762
11.2784
11.3198
11.8267
11.9336
11.4915
11.4376
11.6114
11.6312
11.6254
11.8434
11.5427
11.5364
11.8466
11.4134
11.7989
11.5773
11.5575
11.683
11.6456
11.3865
11.5717
11.48
11.3255
11.1871
11.8839
11.421
11.8578
11.7269
11.605
11.4166
11.2091
11.4844
11.4283
11.7679
11.6748
11.4993
11.6874
11.4506
11.4586
11.3561
11.5667
11.5635
11.5324
11.4507
11.5794
11.9515
11.5185
11.4784
11.5012
11.4527
11.6479
11.6542
11.2673
11.5684
11.3421
11.7637
11.5882
11.7084
11.6647
11.8006
11.3331
11.6167
11.6028
11.6039
11.4396
11.5263
11.9235
11.58
11.4468
11.5289
11.3095
11.5849
11.2165
11.5268
11.8134
11.7633
11.8625
11.8915
11.7259
11.4165
11.2051
11.675
11.5618
11.3966
11.6759
11.5669
11.4739
11.5225
11.5969
11.3825
11.9044
11.4947
11.6678
11.7733
11.7147
11.576
11.431
11.6936
11.6639
11.5881
11.3085
11.7312
11.9224
11.7171
11.333
11.8599
11.533
11.8702
11.9258
11.701
11.753
11.6473
11.644
11.6445
11.5882
11.703
11.7453
11.8402
11.3894
11.9422
11.6821
11.6374
11.6236
11.9519
11.7183
11.5711
11.403
11.4221
11.7061
11.6337
11.209
11.7914
11.4192
11.6577
11.5196
11.3256
11.3674
11.4344
11.4642
11.5507
11.6718
11.9927
11.507
11.1694
11.6263
11.9065
11.402
11.8812
11.5498
11.4228
11.7286
11.9849
11.791
11.5933
11.8383
11.4464
11.4317
11.7392
11.5715
11.8489
11.431
11.4734
11.1834
11.5124
11.7631
11.7016
11.5114
11.5473
11.4087
11.3858
11.3931
11.5301
11.6932
11.8376
11.7219
11.5507
11.8321
11.516
11.48
11.4626
11.6235
11.5602
11.3813
11.797
11.5689
11.6464
11.2697
11.376
11.3589
11.5229
11.3838
11.6108
11.7733
11.5066
11.4851
11.4564
11.9097
11.4503
11.6908
11.3695
11.545
11.6374
11.086
11.5158
11.6144
11.373
11.6906
11.0975
11.7084
11.7964
11.17
11.3059
11.7368
11.5326
11.585
12.0035
11.639
11.4519
11.5115
11.604
11.6895
11.371
11.8219
11.5679
11.6422
11.5916
11.3457
11.4654
11.2816
11.368
11.4363
11.553
11.4177
11.4421
11.458
11.5738
11.6185
11.6098
11.2893
12.0331
11.825
11.4995
11.2196
11.6267
11.6774
11.2731
12.0946
11.6273
11.3091
11.1028
11.4676
11.2302
11.4359
11.5467
11.6974
11.4015
11.9724
11.5625
11.681
11.749
11.5557
11.7956
11.6995
11.6799
11.8003
11.4246
11.566
11.3996
11.4663
11.5152
11.5615
11.6726
11.5272
11.8065
11.8266
11.4625
11.794
11.4379
11.6028
11.3957
11.4157
11.5084
11.6055
11.3127
11.5592
11.7577
11.7616
11.6651
12.1917
11.7611
11.5416
11.7147
11.5066
11.5011
11.1026
11.7774
11.4784
11.7401
11.5913
11.7426
11.6812
11.3985
11.4778
11.5674
11.3976
11.7983
11.7575
11.9151
11.6667
11.626
11.9156
11.6713
11.2712
11.6445
11.7734
11.5535
11.7929
11.4146
11.5696
11.5805
11.3664
11.8129
11.6677
11.6671
11.8327
11.8597
11.469
11.4625
11.0725
11.8907
11.6953
11.5875
11.2813
11.4721
11.6637
11.2324
11.1586
11.5003
11.5966
11.796
11.9935
11.6415
11.3361
11.8535
11.6205
11.6805
11.516
11.3693
11.7026
11.4047
11.6357
11.4534
11.5707
11.3522
11.4756
11.8978
11.5986
11.5152
11.9235
11.7059
11.3055
11.6775
11.3623
11.6554
11.7442
11.4433
11.7926
11.3446
11.1868
11.2929
11.4369
11.7002
11.5181
11.3952
11.4017
11.8623
11.2763
11.3704
11.2457
11.2668
11.334
11.4562
11.9864
11.5794
11.5056
11.6273
11.3919
11.5885
11.6071
11.5599
11.576
11.4851
11.5011
11.4258
11.8001
11.2835
11.4569
11.5625
11.7156
11.8422
11.3075
11.0794
11.4682
11.6661
11.9208
11.3201
11.3336
11.3305
11.6793
11.7486
11.4687
11.4056
11.4552
11.5774
11.4397
11.7005
11.4249
11.611
11.7109
11.3261
11.312
11.6067
11.399
11.4917
11.8488
11.3265
11.2892
11.4171
11.7376
11.6938
11.5639
11.1672
11.5501
11.5562
11.2779
11.3726
11.7235
11.2912
11.6166
11.6461
11.2555
11.4226
11.6292
11.4995
11.542
11.1124
11.8169
11.2042
10.9868
11.44
11.2162
11.9874
11.4538
11.7984
11.5279
11.7134
11.6209
11.7602
11.4215
11.7958
11.4521
11.6114
11.3666
11.2574
11.3704
11.3776
11.4752
11.7171
11.0324
11.5095
11.691
11.4834
11.5236
11.3437
11.1606
11.566
11.5057
10.8213
11.5208
11.6955
11.3982
11.5955
11.3887
11.66
11.1476
11.1645
11.7937
11.4267
11.4933
11.431
11.4564
11.1026
11.4258
11.6379
11.3896
11.4079
11.8512
11.1581
11.4596
11.1906
11.3614
11.3656
11.3841
11.5699
11.3582
11.3847
11.4326
11.4831
11.8399
11.4605
11.4621
11.1956
11.8884
11.6058
11.7138
11.3396
11.4149
11.7072
11.3863
11.5684
11.6892
11.5132
11.2918
11.4034
11.7139
11.3753
11.5413
11.7022
11.7213
11.5792
11.524
11.5347
11.3532
11.464
11.417
11.416
11.3228
11.8084
11.8077
11.4367
11.5846
11.5684
11.4247
11.5749
11.7011
11.3546
11.3714
11.4765
11.751
11.3961
11.5564
11.6521
11.5064
11.521
11.5444
11.6475
11.3957
11.5446
11.3151
11.6093
11.512
11.3472
11.5268
11.5569
11.3523
11.78
11.4553
11.3406
11.8519
11.3308
11.6475
12.1087
11.8522
12.0894
11.6254
11.6352
12.0327
11.8191
11.788
11.7481
11.733
11.7912
11.5968
11.6813
11.9675
11.908
11.8021
11.6174
11.6936
11.9097
11.7774
11.8001
11.6379
11.5044
11.4742
11.8272
11.756
11.7895
11.8232
11.57
12.0067
12.1486
11.725
11.8497
11.9473
11.4103
12.0424
11.5385
11.9307
11.8466
11.828
12.209
11.9084
11.8006
11.8738
11.7773
12.1031
11.9219
11.8126
12.0746
11.5543
12.0795
11.7643
11.5146
11.4071
11.5355
11.8033
12.3365
12.2269
11.6939
11.7667
11.4122
11.7559
11.8563
11.5443
11.5143
11.8408
11.5696
11.667
11.7542
12.263
11.5221
11.7739
11.739
11.4484
11.7162
12.0338
11.8493
11.6573
11.7208
11.613
12.0059
12.0323
12.093
11.8687
11.7868
11.5263
11.7222
11.9984
11.635
12.0291
11.54
12.0434
12.0113
11.6375
11.4928
11.7264
12.0944
11.9627
11.6165
11.5342
11.2738
11.781
11.3816
11.5345
11.6026
11.8999
11.3025
11.2786
11.6668
11.4679
11.4693
11.4204
11.5681
11.7014
11.2797
11.2762
11.6639
11.4503
11.4784
11.2835
11.3896
11.5044
11.873
11.573
11.5766
11.6137
11.5475
11.4625
11.6344
11.6226
11.8045
11.5706
11.5066
11.662
11.6042
11.6492
11.5478
11.3956
11.7122
11.6114
11.6709
11.3215
11.4478
11.7144
11.7664
11.3043
11.4499
11.8112
11.3184
11.5208
11.4972
11.3263
10.9073
11.2925
11.4971
11.5972
11.476
11.4072
11.2799
11.5864
11.3278
11.6398
11.283
11.3846
12.011
11.4372
11.2938
11.7061
12.0889
11.3484
11.5951
11.8531
11.1996
11.338
11.582
11.6254
11.2675
11.3709
11.8258
11.6022
11.4541
11.6465
11.7411
11.6407
11.3831
11.8582
11.522
11.3784
11.7786
11.3831
11.2615
11.4566
11.5941
11.4572
11.4697
11.5054
11.5237
11.5049
11.8293
11.4075
11.6269
11.4657
11.4449
11.1412
11.5984
11.3006
11.8632
11.5633
11.1703
11.5828
11.4191
11.6617
11.7901
11.5308
11.2784
11.5881
11.6908
11.7401
11.4569
11.4079
11.4742
11.873
11.5551
11.8601
11.6405
11.6521
11.1386
11.6982
11.6589
11.5358
11.7916
11.5418
11.6504
11.6655
11.1685
11.725
11.4665
11.13
11.6104
11.6482
11.9182
11.6752
11.416
11.5688
11.5325
11.3514
11.8063
11.7764
11.5354
11.4062
11.7504
11.3631
11.4594
11.4441
11.6134
11.4877
11.6065
11.964
11.6361
11.519
11.5101
11.9031
11.3525
11.5611
11.6715
11.5597
11.4506
12.0855
11.3714
11.4079
11.3873
11.6319
11.5611
11.5005
11.5016
11.3738
11.222
11.4362
11.724
11.6416
11.8292
11.9972
11.6215
11.2621
11.3617
11.5061
11.6624
11.6167
11.3152
11.4663
11.314
11.3721
11.312
11.2728
11.6053
11.8043
11.5147
11.5087
11.7955
11.4901
11.5192
11.4526
11.2716
11.6326
11.6417
11.5875
11.5173
11.3794
11.5081
11.5427
11.4205
11.7834
11.3777
11.3198
11.3085
11.3695
11.5913
11.5625
11.8512
11.8272
11.573
11.5551
11.549
11.7725
11.4852
11.4475
11.6852
11.6852
11.9197
11.7552
11.5174
11.3793
11.6347
11.4157
11.5874
11.385
11.896
11.9671
11.6326
11.7723
11.5587
11.5236
11.6454
11.2028
11.6741
11.6028
11.8877
11.4703
11.8712
11.484
11.0789
11.6706
11.6682
11.6247
11.767
11.7344
11.5143
11.6791
11.7497
11.4516
11.6714
11.9606
11.3638
11.926
11.4498
11.7476
11.7415
11.3739
11.1717
11.5136
11.8629
11.3136
11.9416
11.6356
11.7403
12.0646
11.4655
11.4183
11.6585
11.6914
11.5433
11.7714
11.3257
11.3646
11.4549
11.7053
11.5811
11.5002
11.5612
11.6474
11.7106
11.6147
11.3891
11.7483
11.6554
11.6472
11.6013
11.8363
11.6233
11.5598
11.1727
11.3604
11.844
11.4587
11.4848
11.5252
11.4007
11.1949
12.0172
11.5828
11.9973
11.5111
11.8267
11.7312
11.545
11.7426
11.7156
11.1581
11.756
11.5766
11.8601
11.549
11.5682
11.603
11.5554
11.9542
11.1717
11.5136
11.4327
11.4737
11.5175
11.5422
11.5084
11.7751
11.7776
11.6432
11.7275
11.7108
11.6407
11.7994
11.5587
11.5552
11.4829
12.0885
11.6103
11.9133
11.7483
11.2867
11.3182
11.3984
11.5243
11.3442
11.8933
11.5007
11.5475
11.7475
11.6289
11.6743
11.6584
11.5608
11.6252
11.5358
11.7799
11.6007
11.8261
11.8265
11.4189
11.8963
11.7634
11.7619
11.7711
11.7453
11.9629
11.5736
11.4679
11.4686
11.2642
11.4491
11.9232
11.8628
11.6226
11.7044
11.7758
11.3647
11.2996
11.5251
11.3977
11.5611
11.7651
11.4307
11.6372
11.7775
11.7158
11.596
11.5721
11.6666
11.4583
11.8825
11.8211
11.4229
11.6493
12.2165
11.3305
11.9225
11.5378
11.6238
11.6663
11.573
11.8509
12.0791
11.8414
11.9336
11.9224
11.6374
11.6812
11.8422
11.4596
11.7895
11.6137
11.6405
11.7725
11.5682
11.6478
11.6666
11.2436
12.0234
11.7138
11.7567
11.3294
11.5876
11.661
11.7405
11.5193
11.4369
11.718
11.8452
11.9048
11.4383
11.6258
11.2632
11.7902
11.6443
11.7284
11.5989
11.3876
11.5839
11.4102
11.6886
11.64
11.2494
11.6801
11.7906
11.8282
11.6453
11.6392
11.5242
11.7807
11.34
11.4795
11.7312
11.6196
12.1245
11.6343
11.8444
12.0359
11.4269
11.5621
11.6822
11.3092
11.877
11.8175
11.8126
11.541
11.5783
11.7924
11.8364
11.7001
11.735
11.8636
11.7725
11.5676
11.5806
11.9338
11.4335
11.6769
11.8648
11.8614
11.5263
11.5343
11.7694
11.5926
12.0718
11.4481
11.6552
11.6123
11.9642
11.5736
11.4591
11.5474
11.2613
11.7436
11.5183
11.3451
11.6322
11.4904
11.7729
11.2509
11.5382
11.746
11.1766
11.4915
11.7171
11.086
11.3985
11.3075
11.1906
11.8232
11.5475
11.6521
11.4852
11.603
11.6478
11.3647
11.5388
11.4808
11.4455
11.1951
11.7346
11.693
11.4094
11.7359
11.6545
11.3707
11.4881
11.7108
11.3033
11.5921
11.4023
11.5245
11.3459
11.5784
11.8349
11.5387
11.5531
11.4639
11.4446
11.7254
11.7399
11.3126
11.5091
11.626
11.7031
11.3924
11.7603
11.8619
11.5399
11.5391
11.344
11.4944
11.8155
11.4171
11.2588
11.7829
11.613
11.34
11.6753
11.9159
11.6493
11.9353
11.6246
11.492
11.3273
11.4391
11.5232
11.5744
11.6523
11.4312
11.6151
11.4094
11.426
11.0421
11.7053
11.7507
11.6032
11.6012
11.4719
11.2739
11.5824
11.3153
11.4114
11.7831
11.5541
11.5549
11.5786
11.2367
11.561
11.6001
11.5221
11.51
11.8207
11.3539
11.1529
11.5328
11.5549
11.5927
11.5391
11.8745
11.7109
11.7479
11.4376
11.333
11.5158
11.4778
11.0794
11.3614
11.57
11.4625
11.1386
11.4475
11.5554
11.6666
11.3647
11.5074
11.8126
11.8011
11.1876
11.7272
11.2713
11.5222
11.6393
11.4782
11.1528
11.5192
11.744
11.4582
11.4013
11.5816
11.3446
11.735
11.1544
11.7849
11.6304
11.2187
11.1421
11.4926
11.5524
11.2112
11.2847
11.4833
11.8114
11.6576
11.4747
11.4444
11.2613
11.6141
11.6252
11.2687
11.1703
11.7514
11.8454
11.6329
11.4781
11.8642
11.3277
11.4259
11.5789
11.5966
11.479
11.456
11.7452
11.5123
11.7318
11.5567
11.6897
11.4339
11.7203
11.7047
11.5239
11.5765
11.5757
11.8352
11.2691
11.4729
11.4766
11.4105
11.6495
11.4993
11.3188
11.5957
11.6714
11.6951
11.6172
11.6404
11.6392
11.4323
11.7376
11.7462
11.4666
11.3695
11.4716
11.6555
11.3866
11.6056
11.8974
11.5583
11.745
11.8579
11.7749
11.6114
11.8599
11.6144
11.5674
11.4682
11.3656
12.0067
11.6344
11.6982
11.6852
11.9542
11.2436
11.5388
11.5074
11.6637
11.7911
11.453
11.8084
11.7364
11.694
11.647
11.7404
11.6838
11.5636
11.8212
11.5243
11.3906
11.578
11.6022
11.6192
11.4291
11.9048
11.6518
11.7001
11.5402
11.5996
11.6199
11.3492
11.5397
11.5529
11.5019
11.5944
12.0179
11.4474
10.9851
11.2525
11.6282
11.6952
11.7175
11.5017
11.7552
11.3069
11.332
12.0984
11.4148
11.8499
11.5705
11.3777
11.4702
11.6366
11.8478
11.3732
11.8126
11.8086
11.7161
11.6522
11.4951
11.8896
12.1103
11.642
11.8522
11.7063
11.4462
11.4791
11.3525
11.7101
11.4376
11.8457
11.4224
11.5684
11.7541
11.4976
11.4823
11.6261
11.6446
11.6775
11.708
12.1098
11.6156
11.8365
11.2528
11.8806
11.1833
11.5661
11.6682
11.5915
11.4579
11.7923
11.4347
11.6312
11.533
11.373
11.3976
11.6661
11.3841
12.1486
11.6226
11.6589
11.6852
11.1717
12.0234
11.4808
11.8126
11.6637
11.4932
11.3375
11.7389
11.516
11.162
11.8057
12.0175
11.6567
11.9471
11.2769
11.3315
11.4291
11.7987
11.2813
11.7669
11.8899
11.7217
11.9227
11.5293
11.7732
11.8418
11.3691
11.3474
11.4014
11.2817
11.7155
11.6989
11.691
11.5879
12.0059
11.7508
11.2138
11.1924
11.7888
12.2861
11.7256
10.9539
11.6844
11.8395
11.6445
11.6944
11.4782
11.5833
11.4208
11.805
11.7778
11.5357
11.3451
11.7712
11.3005
11.5876
11.5082
11.7056
11.3615
11.6105
11.464
11.803
11.4581
11.5095
11.414
11.2641
11.3709
11.4955
11.4146
11.333
11.5088
11.6355
11.3247
11.9237
11.7842
11.7181
11.4765
11.5054
11.8954
11.9983
11.4404
11.5997
11.4024
11.9985
11.8521
11.8744
12.0401
11.873
11.3486
11.6254
11.8702
11.6906
11.7983
11.9208
11.5699
11.725
11.8045
11.5358
11.9197
11.5136
11.7138
11.4455
11.8011
11.7911
11.4932
11.738
11.5787
11.676
11.652
11.4641
11.804
11.5188
11.5912
11.789
11.4606
11.6147
11.6557
11.6853
11.6372
11.3726
11.7796
11.875
11.7156
11.82
11.9493
12.0421
11.1877
11.554
11.5132
11.4229
11.8476
11.8863
12.0031
11.7585
11.6565
11.5522
11.4734
11.4312
11.8527
11.6449
11.6032
11.8666
11.6771
11.6911
11.9718
12.0424
12.0157
11.5141
12.0022
11.8308
11.9262
11.3865
11.5187
11.8972
11.5866
11.8477
11.8873
11.725
11.5024
11.7676
11.6328
11.6171
11.9335
11.9665
11.5437
11.9466
11.5034
11.478
11.7705
11.5423
11.5784
11.4621
11.5285
11.5743
11.8273
11.6549
11.5322
11.8029
11.7479
11.0121
11.1185
11.3632
11.6926
12.0882
11.5486
11.8922
11.7808
11.3008
11.8434
11.9258
11.0975
11.7575
11.3201
11.3582
11.8497
11.5706
11.7916
11.7552
11.4327
11.7567
11.1951
11.1876
11.453
11.3375
11.738
11.8496
11.4811
11.4138
11.5771
11.4745
11.4193
11.5793
11.6222
11.8236
11.7557
11.4371
11.3625
11.7228
11.7563
11.5004
12.0104
11.5611
11.3017
11.6085
11.4574
11.7474
11.5791
11.4597
11.512
11.3667
11.5048
11.3903
11.831
11.7026
11.4834
11.3122
11.6528
11.5195
11.4965
11.5472
11.5772
11.9375
11.4315
11.8326
11.7016
11.5398
11.1316
11.621
11.3277
11.4248
12.0465
11.4697
11.5889
11.5002
11.6291
11.9084
11.3991
11.5559
11.5523
11.83
11.5173
11.5227
11.55
11.6559
11.7195
11.545
11.4254
11.5775
11.5044
11.8848
11.2919
11.7987
11.4798
11.6569
11.6613
11.314
11.2442
11.9086
11.7848
11.7682
11.257
11.5846
11.6837
11.6459
11.7892
12.2027
11.4351
11.5427
11.701
11.7084
11.9151
11.3336
11.3847
11.9473
11.5066
11.5418
11.5174
11.4737
11.3294
11.7346
11.7272
11.8084
11.7389
11.5787
11.8496
11.8306
11.7584
11.6261
11.9031
11.4335
11.5775
12.0234
11.7815
11.3587
11.8035
11.2502
11.5943
11.5672
11.3477
11.7769
11.3951
11.7275
11.6593
11.7657
11.325
11.3587
11.991
11.9329
11.7553
11.5779
11.554
11.8828
11.7156
11.7237
11.6983
11.5507
11.7936
11.546
11.5265
11.9084
11.7163
11.2526
11.3503
11.6816
11.5275
11.6404
11.7927
11.6129
11.424
11.7251
11.5128
11.7614
11.701
11.6607
11.6958
11.3957
11.622
11.7352
11.7267
11.6823
11.7639
11.6086
11.6457
11.4931
11.3632
11.3817
11.5833
11.6745
11.689
11.9097
11.2788
11.836
11.8162
11.5208
11.5437
11.4086
11.8093
11.4529
11.2881
11.7539
11.3785
11.5792
11.8505
11.9229
11.9281
11.4313
11.5364
11.753
11.7964
11.6667
11.3305
11.4326
11.4103
11.662
11.6504
11.3793
11.5175
11.5876
11.693
11.2713
11.7364
11.516
11.676
11.4811
11.8306
11.8426
11.8907
11.6364
11.5931
11.838
11.8594
11.3944
11.3792
11.6044
11.5986
11.9608
11.658
11.5786
11.883
11.5759
11.6612
11.6155
11.5518
11.2712
11.5396
11.5716
11.7154
11.9035
12.0946
11.8233
11.6995
11.6153
11.3375
11.456
11.7795
11.5044
11.5241
11.4976
11.703
12.1092
11.4163
11.3622
11.6334
11.3182
11.3279
11.8091
11.8522
11.5375
11.7872
11.5155
11.6297
11.4404
11.8086
11.4101
11.6381
11.3508
11.5096
11.6325
11.1916
11.5289
11.4855
11.58
11.6387
11.2743
11.3734
11.4302
11.6995
11.5621
11.4194
11.7738
11.6717
11.3713
11.4854
11.3835
11.2864
11.8541
11.5456
11.5181
11.2256
11.7447
11.8937
11.2143
11.2337
11.4573
11.6328
11.8466
11.6473
11.17
11.626
11.6793
11.4831
12.0424
11.6042
11.6655
11.6347
11.5422
11.661
11.4094
11.5222
11.694
11.162
11.652
11.4138
11.7584
11.8426
11.84
11.2723
11.607
11.3679
11.7039
11.7407
11.9373
11.8887
11.7118
11.3337
11.4462
12.0311
11.5819
11.4461
11.4377
11.9267
11.4192
11.5347
11.4739
11.5102
11.7491
11.6058
11.2457
11.672
11.7778
11.5363
11.4936
11.5555
11.465
11.5983
11.8511
11.7511
11.7586
11.8321
11.461
11.6661
11.8382
11.6498
11.7622
11.517
11.7149
11.4383
11.4357
11.7701
11.6453
11.4247
11.854
11.7725
11.3369
11.5174
11.6592
11.4546
11.4026
11.1
11.5925
11.6642
11.5692
11.3469
11.63
11.6419
11.6686
11.56
11.1573
11.4369
11.3885
11.5339
11.5528
11.4297
11.4133
11.3702
11.2101
11.2953
11.3412
11.3061
11.351
11.5366
11.8432
11.8828
11.0816
11.4134
11.644
11.3059
11.9156
11.7486
11.8399
11.5385
11.6492
11.1685
11.4157
11.5084
11.7405
11.7359
11.6393
11.647
11.8057
11.4641
11.5771
11.6261
11.8907
11.84
11.5262
11.4963
11.6421
11.4866
11.3517
11.5036
11.406
11.5256
11.5999
11.5369
11.6949
11.5134
11.6848
11.6154
11.3254
11.6764
11.2583
11.2799
11.2979
11.4825
11.4999
11.4534
11.6799
11.6405
11.5212
11.2104
11.5816
11.3737
11.5034
11.9052
11.3391
11.5489
11.4591
11.4322
11.5808
11.3089
11.2507
11.3487
11.8518
11.3961
11.4375
11.5191
11.3093
11.47
11.4201
11.6707
11.8123
11.846
11.5233
11.4359
11.4764
11.814
11.9582
11.5871
11.5186
11.622
11.5643
11.5408
11.6166
11.6782
11.5022
11.8226
11.8496
11.8588
11.6962
11.6878
11.7299
11.3976
11.7724
11.6984
11.5799
11.7249
11.4413
11.703
11.3273
11.7256
11.6602
11.3982
11.7989
11.6445
11.7368
11.6713
11.4687
11.4605
11.9307
11.5478
11.725
11.5874
11.7751
11.5193
11.6545
11.4782
11.7404
12.0175
11.804
11.4745
11.9031
11.6364
11.2723
11.5262
11.3915
11.7952
11.586
11.6767
12.0677
11.9738
11.5657
12.016
11.8751
11.8616
11.6291
11.7548
11.754
11.7842
11.4488
11.434
11.399
11.718
11.8223
11.999
11.551
11.7347
11.5389
11.6139
11.767
11.8086
11.6369
11.7138
11.8974
11.464
11.7546
11.6937
11.4812
11.7546
11.823
11.533
11.5294
12.0639
11.718
11.2505
11.9012
11.8709
11.5674
11.5541
11.6696
12.1169
11.9894
11.8729
11.6673
11.5941
11.6642
11.7564
12.0291
11.6939
11.544
11.5169
11.8676
11.5796
11.5694
11.3574
11.8211
11.8086
11.3282
11.8645
11.7424
11.4036
11.3095
11.8895
11.2398
11.6066
11.4285
11.4665
11.3514
11.4192
11.526
11.8941
11.1558
11.5773
11.5882
11.5326
11.2712
11.4056
11.4621
11.8466
11.3956
11.4665
11.385
11.7776
11.4369
11.3707
11.1528
11.6838
11.6567
11.5188
11.4193
11.4335
11.5931
11.607
11.4963
11.3915
11.2392
11.4604
11.2703
11.5938
11.6714
11.7425
11.3844
11.4809
11.2638
11.3305
11.4301
11.4708
11.6938
11.102
11.4004
11.4172
11.7419
11.8361
11.8123
11.31
11.4157
11.3119
11.6491
11.614
11.7341
11.1028
11.4394
11.6749
11.8128
11.2972
11.7738
11.0156
11.8491
11.459
11.4227
11.6214
11.8928
11.6552
11.5168
11.4331
11.6338
11.1284
11.4512
11.6136
11.5679
11.6074
11.1676
11.6561
11.6101
11.2979
11.7942
11.702
11.3034
11.8117
11.2828
11.4322
11.6766
11.4625
11.4381
11.5152
11.6176
11.8899
11.412
11.6001
11.5054
11.1845
11.7139
11.3691
11.7913
11.5589
11.6409
11.6666
11.2967
11.4232
11.5518
11.6757
11.5575
11.703
11.585
11.6445
11.4552
11.1956
11.828
11.7122
11.13
11.896
11.6432
11.718
11.4881
11.5192
11.5636
11.9471
11.5912
11.5793
11.5775
11.838
11.3679
11.6421
11.7952
11.2392
11.6685
11.8298
11.5994
11.5278
11.6203
11.5081
11.5765
11.6711
11.7273
11.5674
11.8467
11.9243
11.3607
11.3786
11.5397
11.3878
12.0487
11.6348
11.5205
11.868
11.6069
11.4635
11.5215
11.3859
11.6637
11.6411
11.7047
11.2964
11.739
11.6742
11.37
11.6302
11.3223
11.4535
11.6465
11.7124
11.6386
11.4163
11.6256
11.3694
11.8216
11.6499
11.8823
11.4749
11.925
11.7311
11.6678
11.6501
11.7958
11.9337
11.7328
11.348
11.7318
11.6895
11.3264
11.8687
11.6101
11.2893
11.6123
11.8591
11.6527
11.7227
11.6345
11.8873
11.3254
11.7212
11.3116
11.8373
11.6988
11.737
12.0033
11.6549
11.5851
12.0101
11.5723
11.683
11.7453
12.0035
11.7734
11.5774
11.8884
12.209
11.6114
11.6104
11.9671
11.7275
11.8452
11.7108
11.744
11.8212
11.2769
11.789
11.6222
12.0234
11.8594
11.7039
11.4866
11.586
11.4604
11.6685
12.0624
11.6366
11.9027
11.2437
11.5804
11.6229
12.0566
11.7918
11.5095
11.7066
11.4995
11.632
11.8601
11.1742
11.3434
11.6398
11.545
11.9222
11.5335
11.5523
11.8124
11.3877
11.5765
11.6923
11.9866
11.9379
11.3903
11.7307
11.7956
11.4137
11.9088
11.417
11.669
11.6871
11.8101
11.9557
11.2152
11.7861
11.4542
11.6055
11.7665
11.7385
11.932
11.598
11.9791
11.6735
11.8725
11.4501
11.6438
11.5645
11.8575
11.429
11.2299
11.6281
11.2894
11.5943
11.8413
11.697
11.7601
11.6722
11.7707
11.3946
11.965
11.5372
11.4453
11.5089
11.4266
12.0814
11.523
11.51
11.2405
11.684
12.0697
11.5329
11.6456
11.8402
11.639
11.5535
11.4397
11.6058
11.9084
11.6709
11.6482
11.6326
11.7108
11.9048
11.3033
11.4582
11.5243
11.3315
11.4606
11.8236
11.7815
11.3944
11.7407
11.3517
11.6767
11.2703
11.8298
12.0624
11.6298
11.7336
11.6617
11.5379
11.6995
11.6794
11.4851
11.7745
11.8748
11.6066
11.4413
11.4123
11.2419
11.5394
11.7327
11.8974
11.5616
11.7585
11.7615
11.5633
11.5977
11.3015
11.2563
12.0169
11.8658
11.4348
11.7782
11.5169
11.7749
11.8905
11.8887
11.6457
11.7969
11.518
11.8722
11.1567
11.5511
11.4658
11.7085
11.6062
11.9045
11.8908
11.6936
11.6
12.0575
11.5124
11.8054
11.6557
11.6315
11.2497
11.5722
11.6867
11.3335
11.3768
11.7452
11.4522
11.6627
11.4461
11.1074
11.5903
11.4752
11.5832
11.3076
11.7876
11.5577
11.2609
11.2185
11.6585
11.8074
11.3614
12.0233
11.8849
11.6005
11.3865
11.3894
11.4519
11.7929
11.7005
11.7138
11.8006
11.3215
11.9182
11.7723
11.6407
11.4383
11.5921
11.4013
11.3906
11.4291
11.6147
11.7557
11.3587
11.3792
11.9373
11.5036
12.0677
11.5938
11.5994
11.6366
11.6298
11.6702
11.5026
11.5797
11.699
11.9719
11.8186
11.7825
11.8103
11.7498
11.5836
11.2728
11.3585
11.1211
11.4318
11.716
11.4378
11.5655
11.4578
11.3103
11.4408
11.3418
11.5374
11.9417
11.7355
11.359
11.6065
12.0115
11.6183
11.909
11.5533
11.2713
11.7003
11.6458
11.971
11.4019
11.7846
11.3477
11.4766
11.6801
11.6163
11.7591
11.7042
11.4093
11.6525
11.4825
11.7086
11.7634
11.798
11.3683
11.5762
11.2703
11.579
11.4385
11.633
11.4732
11.5589
11.4302
11.5566
12.0719
11.7682
11.6812
11.5983
11.413
11.3976
11.3611
11.7573
11.5265
11.5141
11.57
11.2985
11.8805
11.4306
11.5717
11.9422
11.5115
11.4146
11.4249
11.3396
11.8738
11.4478
11.6752
11.5587
11.7994
11.6258
11.4023
11.5816
11.578
11.7987
11.6557
11.4371
11.8035
11.6044
11.8887
11.406
11.9738
11.6714
11.5278
11.9027
11.7336
11.6702
11.4412
11.5563
11.3669
11.805
11.7267
11.4628
11.5677
11.5623
11.5051
11.4922
11.4725
11.5406
11.1704
11.9917
11.2168
11.7781
11.6109
11.7088
11.5482
11.3734
11.5751
11.5606
11.5927
11.732
11.6922
12.101
11.4133
11.7119
11.4233
11.8984
11.5149
11.366
11.8804
11.7607
11.5398
11.7455
11.9426
11.7817
11.582
11.8169
11.7357
11.3584
11.8473
11.6986
11.8146
11.6516
11.5931
11.6421
11.7054
11.6396
11.4892
11.3776
12.1032
11.9336
11.4644
11.6445
11.471
11.7336
11.5342
11.2373
11.5504
11.7132
11.4002
11.4647
11.0841
11.5552
11.2093
11.4867
11.4968
11.6992
11.8585
11.48
11.6821
11.604
11.5696
11.611
11.4149
11.7773
11.7144
11.416
11.5236
11.5587
11.2632
11.5245
11.3446
11.6022
11.2813
11.6853
11.3625
11.2502
11.5986
11.7118
11.5256
11.5657
11.7425
11.6203
11.2437
11.6617
11.5026
11.4412
11.7734
11.2112
11.5539
11.716
11.8331
11.4833
11.9092
11.2794
11.5528
11.2136
11.3107
11.3964
11.8453
11.5844
11.5621
11.3558
11.7558
11.3299
11.465
11.7793
11.4522
11.7705
11.0884
11.4975
11.8823
11.2835
11.4391
11.5151
11.2981
11.3894
11.8722
11.8219
11.416
11.4863
11.615
11.3355
11.4835
11.7564
11.9644
11.7533
11.4742
11.3101
11.6789
11.5571
11.7928
11.6502
11.4427
11.5057
11.7222
11.4021
11.4561
11.574
11.3811
11.8394
11.7041
11.4378
11.6144
11.9522
11.6905
11.096
11.8688
11.6154
11.6938
11.5315
11.796
11.4112
11.5169
11.4675
11.5944
11.3657
11.3255
11.6374
11.6895
11.5805
11.7109
11.7072
12.1031
11.7664
11.5688
11.6454
11.5552
11.7902
11.3459
11.735
11.6192
11.7669
11.6372
11.7228
11.5943
11.9608
11.3337
11.5999
12.016
11.3844
11.5081
11.5804
11.5379
11.5797
11.5563
11.7734
11.469
11.8878
11.6008
11.6648
11.8905
11.8048
11.6271
11.605
11.3121
11.798
11.5997
11.6009
11.2107
11.5825
11.5267
11.2671
11.4778
11.7133
11.7475
11.506
11.7583
11.5736
11.5455
12.1731
11.5892
11.7867
11.5337
11.5763
11.6505
11.862
11.8543
11.4928
11.7481
11.7205
11.5644
11.5425
11.8811
11.508
11.8141
11.5766
11.5118
11.5002
11.9609
11.4677
11.5457
11.5458
11.5576
11.4312
11.4431
11.43
11.8641
11.5839
11.4099
11.7492
11.334
11.5155
11.2156
11.5989
11.2739
11.6624
11.1147
11.7076
11.2284
11.5664
11.3875
11.1566
11.3545
11.5987
11.7423
11.1871
11.6236
11.371
11.3664
11.3261
11.3863
11.9219
11.3043
11.5325
11.2028
11.4829
11.6443
11.5784
11.1544
11.4291
11.8899
11.3726
11.7563
11.5672
11.658
11.4462
11.5369
11.8751
11.4809
11.5765
11.6229
11.6995
11.699
11.3669
11.2112
11.469
11.5509
11.2496
11.6198
11.5773
11.2592
11.509
11.1278
11.2961
11.4975
11.3227
11.595
11.7129
11.4053
11.3596
11.3765
11.2532
11.3841
11.5857
11.8943
11.6973
11.2237
11.6465
11.6199
11.4989
11.5912
11.7089
11.0324
11.553
11.6172
11.3421
11.3838
11.4889
11.4986
11.5576
11.4277
11.867
11.4103
11.4991
11.5006
11.5389
11.3664
11.5251
11.4699
11.3484
11.1485
11.5712
11.3581
11.4866
11.2809
11.3513
11.4371
11.4996
11.6964
11.8184
11.9653
11.4225
11.5602
11.446
11.8615
11.8943
11.4861
11.4732
11.5545
11.4573
11.6
11.6539
12.2163
11.814
11.8839
11.9519
11.8219
11.8129
11.312
11.5684
11.8126
11.4499
11.3514
11.6741
12.0885
11.7284
11.8349
11.7849
11.9048
11.7217
11.7796
11.5004
11.3477
11.5786
12.0311
11.6949
11.8616
11.2638
11.6711
12.0566
11.6794
11.9719
11.805
11.5539
11.8878
11.5509
11.8334
11.33
11.7239
11.6363
11.7406
11.3448
11.3731
12.0095
11.5401
11.874
11.832
11.8138
11.7937
11.8977
11.6753
11.6952
11.8251
11.6596
11.7622
11.7086
11.0563
12.2261
11.5696
11.5935
11.4695
11.7796
11.6427
11.8334
11.6736
11.6344
11.9221
11.8702
12.0202
12.2161
11.7891
11.6485
11.6551
11.2723
11.793
11.6993
11.4756
11.5898
11.5775
11.5368
11.853
11.6238
11.6506
11.4827
11.9359
11.3924
11.6471
11.9012
11.5907
11.8582
11.4542
11.6713
11.3701
11.777
11.6524
11.7504
11.5922
11.8115
11.6365
11.2393
11.5862
12.0547
11.53
11.421
11.7183
11.5679
11.6677
11.6067
11.6892
12.0746
11.8112
11.8063
11.6028
11.6103
11.5989
11.5387
11.6304
11.6518
11.9227
11.875
12.0104
11.7769
11.883
11.5819
11.5134
11.6291
11.3305
11.7273
11.7918
11.4851
11.8186
11.7267
11.716
11.6008
11.2496
11.8334
11.5621
11.1676
11.7264
11.5284
11.3012
11.63
11.7856
11.9842
11.8487
11.7377
11.6025
11.8472
11.4603
11.6685
11.3747
11.5974
11.964
11.8066
11.5706
11.8128
11.9173
11.3926
12.0508
11.9761
11.5048
11.7787
12.0071
11.9239
11.5446
11.5398
11.9131
11.9147
11.5531
11.6649
11.6103
11.8352
11.4852
11.9828
11.8561
12.0978
11.921
11.84
11.5023
11.6702
11.6411
11.5362
11.4171
11.2784
11.7603
11.5628
11.6189
11.6011
11.9875
11.3205
11.4487
11.4347
11.8998
11.2063
11.5213
11.4496
11.5136
11.9845
11.6669
11.7357
11.8295
11.6699
11.8578
11.5711
11.6422
11.6671
11.399
11.5132
11.5543
11.3184
11.7764
11.8877
11.9133
11.3876
11.5531
11.2187
11.7001
11.5293
11.7156
11.5611
11.3951
11.5759
11.4461
11.6848
11.7548
11.4301
11.5674
11.5095
11.7745
11.7825
11.4628
11.8331
11.6648
11.6198
11.33
11.5621
11.4815
11.535
11.519
11.2198
11.1236
11.4753
11.5674
11.64
11.3134
11.5179
11.7861
11.6977
11.7772
11.3144
11.4695
11.6982
11.5605
11.6958
11.42
12.0424
11.4752
11.8931
11.5279
11.8213
11.3206
11.8295
11.9046
11.3403
11.5433
11.7766
12.085
11.8435
11.7543
12.0045
11.6551
11.5911
11.4455
11.779
11.282
11.5838
11.3515
11.6668
11.8488
11.4255
11.6499
11.6878
11.9881
11.8011
11.7858
11.4357
11.5629
11.9265
11.4649
11.6015
11.2735
11.7803
11.4138
11.7695
11.8821
11.4006
11.5668
11.4609
11.4899
11.878
11.7185
11.7269
11.403
11.5916
11.8327
11.4917
11.2918
12.0795
11.5208
11.5354
11.4703
11.7483
11.5839
11.4639
11.1421
11.5402
11.7732
11.82
11.3017
11.7275
11.6612
11.4377
11.6154
11.754
11.4708
11.8467
11.7066
11.8748
11.8103
11.5677
11.4833
11.8905
11.5773
11.7239
11.1676
11.4815
11.6047
11.6389
11.499
11.3626
11.5944
11.9663
11.6091
11.442
11.3887
11.5022
11.8207
11.525
11.3109
11.7062
11.8875
11.9059
11.3356
11.8069
11.5885
11.6743
12.0527
11.9866
11.6059
11.6192
11.6588
12.1805
11.4519
11.7668
11.5957
11.6083
11.6681
11.3415
12.0021
11.5088
11.1545
11.6181
11.5229
11.8111
11.1987
11.2897
11.6658
11.6225
11.6606
11.7081
11.4117
12.1365
11.7163
11.7467
11.7201
11.5939
11.7268
11.3698
11.7349
11.4222
11.915
10.9774
11.7405
11.5728
11.6851
11.575
11.6024
11.7013
11.926
11.6843
11.605
11.4221
11.3457
11.8597
11.8488
11.4034
11.7643
11.4972
11.4062
11.8712
11.2867
11.4102
11.4446
11.4926
11.5996
11.8418
11.9493
11.6085
11.6593
11.6155
11.9267
11.3254
11.7842
11.6938
11.9243
11.4995
11.6066
11.7498
11.5623
11.9092
11.8048
11.2592
11.6363
11.7264
11.535
11.6047
11.6771
11.2896
11.4651
11.304
11.7296
11.8241
11.4498
11.597
11.5265
11.8248
11.3547
11.6933
11.6935
11.7048
11.5044
11.9309
11.5686
12.0511
11.573
11.5265
11.4177
11.2959
11.6295
11.4211
11.696
11.1301
11.8616
11.6069
11.7494
11.659
11.8855
11.7705
11.6411
11.7351
11.3678
11.5567
11.7192
11.5811
11.2424
11.5837
11.0454
11.6302
11.6837
11.3958
11.8666
12.0843
11.6093
11.5288
11.5242
11.7882
11.6424
11.0535
11.1647
11.6815
11.4701
11.6471
11.5961
11.5218
11.4309
11.3307
11.4876
11.7737
11.6333
11.4166
11.7061
11.4654
11.469
11.3265
11.7139
11.5146
11.3263
11.7504
11.484
11.3182
11.6886
11.7254
11.5524
11.6199
11.3691
12.0421
11.4574
11.7657
11.5518
11.4192
11.6764
11.4488
11.102
11.3607
11.632
11.4413
11.5836
11.5051
11.2794
11.6271
11.509
11.7406
11.5284
11.519
11.6389
11.6771
11.5298
11.2983
11.6489
11.3104
11.85
11.4589
11.6782
11.4883
11.4742
11.5392
11.6244
11.5841
11.3213
11.4553
11.2443
11.7835
11.8626
11.8024
11.6426
11.2556
11.5064
11.7836
11.8876
11.5291
11.6541
11.6502
11.58
11.3765
11.7801
11.7221
11.3558
11.759
11.2695
11.8449
12.1048
11.7634
11.3844
11.5629
11.1179
11.6016
11.612
11.7377
11.8188
11.8131
11.9358
11.2431
10.7008
11.5022
11.7618
11.3409
11.3153
11.3279
11.1206
11.3242
11.284
11.4284
11.2649
11.3858
11.3087
11.29
11.6106
11.1907
11.2091
11.6337
11.2816
11.4625
11.2892
11.3753
11.4071
10.9073
11.3631
11.0789
11.3984
11.64
11.7399
11.2112
11.3492
11.3474
11.1877
11.7474
11.325
11.2712
11.5347
11.2583
11.434
11.4004
11.3786
11.8601
11.4123
11.2728
11.4922
11.5528
11.605
11.1278
11.3448
11.3012
11.2198
11.499
11.2896
11.5298
11.3745
10.861
11.5493
11.5148
11.1693
11.5798
11.618
11.3329
11.5287
11.4206
10.91
11.4414
11.5545
11.4225
11.5155
11.4895
11.3048
11.5191
11.1498
11.5264
11.4476
11.4189
11.5266
11.1164
11.3917
10.9156
11.4584
11.5987
11.3021
11.565
11.5501
11.1088
11.4933
11.3169
11.3774
11.6116
11.5902
11.284
11.8742
11.3341
11.0189
11.1519
11.4806
11.087
11.3211
11.2787
11.382
11.5808
11.4904
11.3248
11.3369
11.1821
11.1944
11.0839
11.5154
11.2454
11.1931
11.7188
11.2985
11.5401
11.6631
11.4844
11.209
11.368
11.0725
11.4171
11.5413
11.5355
11.2925
11.4594
11.6706
11.5243
11.2494
11.3126
11.2847
11.5397
11.4014
11.554
11.5791
11.3587
11.5396
11.4739
11.2799
11.399
11.4172
11.5397
11.1742
11.2419
11.3585
11.4725
11.2136
11.3121
11.2961
11.3731
11.63
11.1236
11.3626
11.4651
11.2983
11.3745
11.3643
11.8772
11.4996
11.165
11.7078
11.1188
11.2644
11.3337
11.5121
11.3736
11.3319
11.8011
11.4749
11.387
11.5134
11.1788
11.4838
11.266
11.2078
10.9508
11.8169
11.6328
11.4293
11.248
11.3355
11.497
11.4695
11.525
11.7595
11.5265
11.1768
11.2175
11.8455
11.5036
11.3619
11.5196
11.5756
11.4843
11.1819
11.5929
11.3725
11.4141
11.2798
11.6574
11.6387
11.6333
11.3154
11.6898
11.9103
11.722
11.6513
11.5236
11.7215
11.5986
11.7102
11.6195
11.6174
12.1214
11.9102
11.2943
11.4283
11.7914
11.4363
11.8907
11.7376
11.7022
11.8033
11.4971
11.4441
11.6682
11.3442
11.6801
11.5091
11.4833
11.5529
11.2817
11.5132
11.4597
11.991
11.5716
11.5102
11.2979
11.718
11.7419
11.3878
11.3434
11.5394
11.1211
11.5406
11.3107
11.798
11.4975
12.0095
11.7856
11.4753
11.5944
11.304
11.6489
10.861
11.3643
11.389
11.3487
11.5745
11.8069
11.8539
11.4819
11.3019
11.7679
11.8549
11.6419
11.8934
11.4127
11.4828
11.5905
11.697
11.5316
11.4332
11.5837
11.2885
11.8651
11.6214
11.5567
11.4689
11.3193
11.4956
11.5808
11.8853
11.8791
11.6311
11.3461
11.5846
11.6472
11.654
11.5983
11.3648
11.6198
11.5787
11.4834
11.3251
11.1348
11.5974
11.7241
12.0017
11.923
11.5889
11.8143
11.6868
11.6266
11.5297
11.7847
11.5406
11.4322
11.7722
11.7391
11.6774
11.585
11.515
12.1542
11.4618
11.7679
11.4192
11.553
11.6953
11.6938
11.7213
12.3365
11.5972
11.6134
11.6247
11.8933
11.7906
11.626
11.8114
11.5019
11.7155
11.4229
11.512
11.9329
11.7154
11.7491
11.4825
11.8223
11.8361
12.0487
11.6398
11.7327
11.4318
11.1704
11.3964
11.5997
11.3227
11.5401
11.9842
11.5674
11.9663
11.7296
11.3104
11.5493
11.8772
11.389
11.7728
11.5526
11.8481
11.7552
11.6713
11.4445
11.5779
11.5357
11.7465
11.8128
11.6307
11.954
11.8344
11.6222
11.9538
11.5244
12.2135
11.6951
11.6541
11.7508
11.6262
11.7632
11.7724
11.8195
11.6976
12.0692
11.8687
11.5613
11.5522
11.4045
11.644
11.5682
11.9645
11.6539
11.5967
11.5496
11.7746
11.7158
11.4299
11.8806
11.5839
11.9478
11.8014
12.0827
11.9801
11.8138
11.4705
11.489
12.1216
11.5685
11.4364
11.4881
11.6919
11.9846
11.7338
11.4319
12.152
11.3321
11.6748
11.6577
11.4177
11.5875
11.5639
11.5792
12.2269
11.476
11.4877
11.767
11.5007
11.8282
11.7031
11.6576
11.5944
11.6989
11.8476
11.3667
11.7553
11.9035
11.6058
11.4999
11.999
11.8123
11.6348
11.545
11.8974
11.716
11.9917
11.8453
11.6009
11.595
11.874
11.8487
11.64
11.6091
11.8241
11.85
11.5148
11.4996
11.3487
11.7728
11.7634
11.6594
11.9883
10.8811
11.4104
11.7586
11.4793
11.6336
11.6565
11.2822
11.3125
12.1617
11.4587
11.6126
11.9033
11.8473
11.6643
11.6894
11.4272
11.5323
11.8341
11.1294
11.736
11.8827
11.9427
11.908
11.8466
11.7917
11.8008
11.7163
11.6419
11.6078
11.8546
11.6249
11.6697
11.6657
11.3244
11.5655
11.9839
11.7246
11.4789
11.1109
11.5708
11.6942
11.7355
11.7628
11.1926
11.553
11.2567
11.4726
11.7113
11.6361
11.4394
11.5181
11.3739
11.9098
11.4974
11.4993
11.5196
11.4421
11.2813
11.1672
11.524
11.6939
11.4072
11.6065
11.7344
11.5475
11.6453
11.3924
11.4747
12.0179
11.691
11.8863
11.5048
11.5779
12.0946
11.2457
11.4534
11.551
11.31
11.5205
11.9222
11.5616
11.4378
11.2168
11.5844
11.2107
11.7129
11.832
11.7377
11.3134
11.442
11.4498
11.4589
11.1693
11.165
11.5745
11.5526
11.7634
11.4878
11.4003
11.3148
11.4063
11.3636
11.6313
11.4006
11.7511
11.1197
11.8337
11.7025
11.1464
11.5839
11.5109
11.6328
11.2602
11.3437
11.562
11.3618
11.6087
11.5646
11.5959
11.6477
11.8193
11.5285
11.4702
11.8384
11.305
11.5619
11.399
11.5407
11.3227
11.208
12.0058
11.3085
11.3755
11.5975
11.6176
11.5308
11.3186
11.8389
11.7835
11.4633
11.4653
11.3703
11.5402
11.5923
11.2592
11.7298
11.3127
11.6241
11.5821
11.4514
11.7405
11.9786
11.5013
11.6874
11.3256
11.458
11.4721
11.5501
11.5347
11.7667
11.2799
11.964
11.5143
11.7475
11.6392
11.7603
11.4444
11.4474
11.5879
12.0031
11.3903
11.554
11.8233
11.672
11.6799
11.7347
11.4157
11.868
11.5335
11.7585
11.5655
11.7781
11.5621
11.5825
11.4053
11.8138
11.6025
11.5179
11.3887
11.597
11.6782
11.5798
11.7078
11.8069
11.8481
11.6594
11.4878
11.4413
11.5895
11.6076
11.4569
11.6922
11.8448
11.772
11.337
11.5656
11.831
11.3056
11.5429
11.5323
11.4426
11.5199
11.9303
12.0817
11.2206
11.8562
11.4219
11.5365
11.7453
11.8021
11.2016
11.6627
11.5722
11.6167
11.9914
11.5608
11.7057
11.461
11.8124
11.3659
11.2868
11.4339
11.6653
11.8802
11.8342
11.6475
11.864
11.482
12.0093
11.4268
11.3913
11.6981
11.5313
11.4205
11.7409
11.6368
11.679
11.7532
11.638
11.7109
11.5503
11.5715
11.4506
11.3674
11.5738
11.6637
11.5562
11.3532
11.4122
11.5864
11.6361
11.6791
11.6289
11.5242
11.8619
11.2613
10.9851
12.0059
11.7585
11.831
11.8828
11.6995
11.7778
11.6405
11.5389
11.3119
11.6069
11.5523
11.7615
11.4578
11.6109
11.3558
11.5267
11.3596
11.7937
11.8472
11.7861
11.5022
11.5265
11.4883
11.618
11.1188
11.8539
11.7552
11.9883
11.4003
11.4413
11.4404
12.017
11.7151
11.4815
11.8491
11.9625
11.4832
11.5486
11.8141
11.287
11.7404
11.4929
11.6161
11.8427
11.436
11.7607
11.2622
11.7384
11.599
11.3989
11.8126
11.7235
11.8805
11.9615
11.5214
11.9291
11.7492
11.6811
11.4647
11.5219
11.3903
11.4581
11.4805
11.7031
11.3644
11.7696
11.9246
11.7006
11.5236
11.6082
11.4778
11.5186
11.8186
11.2907
11.5348
11.425
11.4623
10.8042
11.6138
11.371
11.392
11.3543
12.0613
11.5022
11.4586
11.4344
11.6185
11.2324
11.2779
11.464
11.7559
11.3278
11.519
11.7497
11.6743
11.7807
11.5399
11.6141
11.2525
11.7508
11.6565
11.7026
11.7156
11.6153
11.5363
11.5212
11.6139
11.6491
11.4635
11.8124
11.5633
11.3103
11.7088
11.7558
11.2671
11.3765
11.8977
11.4603
11.6977
11.8207
11.8248
11.4742
11.3329
11.2644
11.4819
11.6713
10.8811
11.3148
11.5895
11.4404
11.2567
11.5541
11.0824
11.5406
11.7889
11.4169
11.8102
11.4931
11.6383
11.5642
11.5618
11.5578
11.5523
11.7488
11.9505
11.6619
11.3354
11.6483
11.7289
11.8423
11.6008
11.589
11.7416
11.682
11.7976
11.4368
11.6684
11.3839
11.3581
11.2622
11.9891
11.2339
11.1801
11.5123
11.4467
12.072
11.2827
11.407
11.8532
11.1873
11.4646
11.6578
11.3287
11.4689
11.3612
11.4328
11.5214
11.7502
11.4523
11.5323
11.6686
11.8927
11.1579
11.3561
11.4642
11.6098
11.1586
11.3726
11.417
11.8563
11.6398
11.5101
11.4516
11.6584
11.34
11.5391
11.6252
11.6282
11.2138
11.5522
11.4834
11.7237
11.3375
11.4936
11.2104
11.767
11.614
11.5215
11.3877
11.5977
11.4408
11.5482
11.3299
11.4778
11.2532
11.6753
11.6685
11.7772
11.525
11.3547
11.5392
11.5287
11.3337
11.3019
11.4445
11.4104
11.4063
11.6076
12.017
11.2567
11.4873
11.6177
11.3361
11.7559
11.3935
11.5391
11.5841
11.4024
11.2039
11.8164
11.6253
11.6066
11.68
11.7296
11.3415
11.7569
11.4222
11.7486
11.5196
11.8776
11.5086
11.642
11.5249
11.4111
11.4398
11.382
11.3419
11.1959
11.4403
11.3818
11.601
11.5172
11.1203
11.1976
11.4766
11.4537
11.3717
11.5097
11.3017
11.5111
11.8024
11.3997
11.5405
11.2178
11.2917
11.3829
11.4615
11.7411
11.4964
11.4191
11.7619
11.4044
11.5667
11.5507
11.2893
11.5003
11.7235
11.416
11.5443
11.283
11.9031
11.6714
11.5608
11.4795
11.344
11.2687
11.6952
11.1924
11.4734
11.3122
11.6983
11.456
11.5555
11.5816
11.8086
11.7341
11.3859
11.5765
11.3015
11.3418
11.3734
11.465
11.7133
11.3841
11.6952
11.3747
11.3144
11.3109
11.6933
11.6244
11.4206
11.5121
11.7679
11.5779
11.7586
11.3636
11.4569
11.7151
11.5541
11.4873
11.5291
11.9614
11.7517
11.1035
11.6264
11.944
11.118
11.9193
11.7998
11.3196
11.5475
11.5897
11.3501
11.4253
11.638
11.516
11.4198
11.6439
11.5607
11.4086
11.6682
11.8294
11.3735
11.5979
11.2098
11.4653
11.5264
11.1879
11.6789
11.173
11.3265
11.5988
11.7254
11.4177
11.653
11.6886
11.9322
11.9179
11.4392
11.5072
11.5984
11.6451
11.5535
11.1404
11.5423
11.5507
11.4876
11.3854
11.5109
11.9207
11.2801
11.5635
11.6718
12.0331
11.5966
11.2912
11.3228
11.5143
11.3846
11.3525
11.9606
11.6252
11.7312
11.4944
11.1703
11.7175
11.7888
11.4312
11.6528
11.5507
11.7795
11.465
11.3737
11.6369
11.1028
11.6637
11.6923
11.2563
11.5374
11.5751
11.7793
11.7475
11.5857
11.8251
11.5974
11.4695
11.7062
11.6935
11.5841
10.91
11.3736
11.8549
11.5357
11.4793
11.6313
11.6922
11.4815
11.0824
11.6177
11.5291
11.6062
11.7934
11.6927
11.5635
11.8783
11.126
11.7256
11.3409
11.7793
11.952
12.0422
11.6905
11.2014
11.2016
11.805
11.6834
11.4607
12.105
11.8411
11.6558
11.5309
11.8218
11.5211
11.2019
11.7524
11.4856
11.7362
11.788
11.2674
11.3597
11.6091
11.6335
11.2628
11.7674
11.8402
11.7264
11.6134
12.2602
11.4757
11.5353
11.9143
11.7577
11.6653
11.7967
11.7604
11.548
11.7007
11.6659
11.9065
11.6754
11.5324
11.9927
11.825
11.796
11.6166
11.8084
11.8408
12.011
11.5611
11.3638
11.5358
11.6196
11.8155
11.7514
11.5017
12.2861
11.8527
11.5195
11.7936
11.5044
11.5983
11.5034
11.7138
11.4394
11.6411
11.9866
12.0169
11.9417
11.5606
11.4522
11.506
11.8943
11.6596
11.964
11.6982
11.8875
11.7048
11.3213
11.4414
11.3319
11.6419
11.7465
11.6336
11.4006
11.8448
11.8491
11.5406
11.3361
11.9614
11.6062
12.1004
11.6216
11.7224
11.9194
11.4713
11.5762
11.8035
11.7578
11.6174
11.8186
11.5778
11.7743
12.0542
11.7481
11.5633
11.8465
11.8549
11.6029
11.6948
11.5387
11.9534
11.9281
11.8065
12.0525
11.7611
11.6179
11.8068
11.9211
11.5536
11.8586
12.034
11.9623
12.0838
11.8626
11.7421
12.159
11.6533
11.4361
11.8369
12.0605
11.7803
11.4847
11.6374
11.4793
11.7768
11.6322
11.7703
11.761
11.3911
11.4507
11.507
11.4995
11.9935
11.6461
11.8077
11.5696
11.4372
11.6715
11.926
11.7799
12.1245
11.4171
11.8454
11.7552
11.7256
11.6449
11.4965
11.546
11.5241
11.8511
11.9052
11.8974
11.6749
11.7047
11.9379
11.8658
11.7355
11.5927
11.7705
11.7583
11.6973
11.7622
11.8066
11.5605
11.9059
11.5044
11.4553
11.5545
11.8011
11.8934
11.8128
11.6565
11.7511
11.772
11.9625
11.7889
11.7559
11.7517
11.7934
12.1004
11.3464
12.0109
11.7893
11.5395
11.8654
11.7799
11.8376
11.8152
11.8652
11.8722
11.6705
11.5525
11.7046
12.0372
11.8148
11.9606
12.3139
11.5994
11.6539
11.5174
12.1402
11.8182
11.9394
11.5277
11.6926
12.0316
11.3875
11.6975
11.3603
12.0577
11.7546
11.4127
11.3996
11.362
11.8642
11.7566
11.3864
11.1014
11.5386
11.1834
11.3909
11.5307
11.4293
11.4652
11.6127
11.5627
11.5797
11.0278
11.5794
11.1694
11.2196
11.6415
11.2555
11.4367
11.667
11.2938
11.5597
11.4498
11.6007
11.6343
11.2588
11.6329
11.3069
10.9539
11.6032
11.5472
11.5265
11.4976
11.7511
11.3391
11.464
11.8128
11.2964
11.3903
11.4348
11.359
11.732
11.0884
11.5736
11.2237
11.7086
11.5706
11.6958
11.3356
11.9309
11.2443
11.4225
11.4749
11.4127
11.6307
11.2822
11.1197
11.337
11.4832
11.4169
11.3935
11.1035
11.6927
11.6216
11.3464
11.9304
11.6365
11.4438
11.3397
11.5793
11.3032
11.5588
11.6859
11.3165
11.362
11.1741
11.2768
11.5073
11.56
11.5589
11.7945
11.3411
11.2261
11.5457
11.3756
11.3694
11.7293
11.4131
11.3302
11.4492
11.3088
11.2416
11.2855
11.7725
11.2785
11.3305
11.8099
11.7348
11.6542
11.8991
11.5017
11.7621
11.8331
11.6007
11.4812
11.2885
11.5805
11.6469
11.9378
11.9777
12.1626
11.5286
11.9515
11.6263
11.6267
11.3361
11.4226
11.5846
11.7542
11.7061
11.4506
11.7476
11.8261
11.8444
11.7829
11.4781
11.332
11.6844
11.8666
11.5772
11.9084
11.703
11.7586
11.5489
11.7546
11.2972
11.739
11.7307
11.7782
11.6065
11.6922
11.4975
11.5455
11.6465
11.0563
11.8128
11.42
11.8069
11.5686
11.7835
11.5155
11.387
11.4828
11.954
11.3125
11.8337
11.5656
11.5486
11.8102
11.5391
11.6264
11.5635
11.7224
12.0109
11.9304
12.0052
11.155
11.3006
11.8446
11.5717
11.7134
12.0707
11.8181
11.5135
11.79
11.5145
11.6917
11.8161
11.7981
11.7672
11.7107
11.7059
11.7121
11.9758
11.3006
11.7219
11.5844
11.6017
11.6319
11.4163
11.2427
11.3907
11.589
11.4403
12.0769
11.7516
11.7687
11.9138
11.45
11.983
11.5919
12.1115
11.3018
11.8889
12.0657
12.0304
11.608
11.6589
11.8875
12.0436
11.6752
11.5185
11.9065
11.6774
11.8535
11.6292
11.5684
12.263
12.0889
12.0855
11.7415
11.8265
12.0359
11.613
11.8642
12.0984
11.8395
11.6771
11.9375
11.7163
12.1092
11.8321
11.4591
11.6937
11.7738
11.6742
11.7956
11.5169
12.0115
12.101
11.8823
12.1731
11.6199
12.2261
11.9173
12.0424
11.5885
12.0511
11.8626
11.4895
11.5134
11.5905
11.8344
12.1617
11.7025
11.831
11.8141
11.4931
11.5841
11.944
11.8783
11.9194
11.7893
11.6365
12.0052
11.4187
11.823
11.9149
11.6463
11.712
11.742
12.0388
11.9088
11.6373
11.7596
12.0963
11.9703
12.0719
11.8689
12.2553
11.8525
12.1178
11.8116
11.7807
11.7983
11.5858
11.5741
12.1736
11.9327
11.9574
11.994
12.3325
12.0941
11.5201
11.7027
11.3821
11.6939
11.575
11.6448
11.3854
11.708
11.4151
11.3097
11.6168
11.5994
11.5823
11.5769
10.9226
11.8831
11.3379
11.4784
11.402
11.2731
11.6205
11.4995
11.4247
11.5221
11.3484
11.3714
11.3739
11.4189
11.4269
11.34
11.3277
11.4148
11.6445
11.6911
11.4315
11.2526
11.4163
11.461
11.4322
11.4812
11.0156
11.37
11.4137
11.7749
11.6183
11.4133
11.2835
11.5892
11.4989
11.5696
11.3926
11.4752
11.6743
11.573
11.8024
11.3048
11.1788
11.697
11.6222
11.4587
11.1464
11.3056
11.287
11.6383
11.4024
11.118
11.126
11.4713
11.5395
11.4438
11.155
11.4187
11.3824
11.3873
11.4994
11.2552
11.9193
11.5514
11.2363
11.6784
11.574
11.6679
11.4577
11.5259
11.5008
11.6709
11.4889
11.511
11.713
11.7655
11.6412
11.221
11.394
11.3781
11.4621
11.2058
11.506
11.5909
11.1759
11.3591
11.7734
11.6174
11.6719
11.805
11.8451
10.9553
11.6825
11.4878
11.7169
11.7535
11.5684
11.8523
11.9993
11.9817
12.0101
11.6386
11.5012
11.8812
12.0946
11.6805
11.542
11.5749
11.7739
11.5951
11.4079
11.1717
11.8963
11.5621
11.6753
11.4259
11.8499
11.6944
11.9718
11.8326
11.3503
11.3622
11.6661
11.5808
11.7546
11.8491
11.6302
11.9088
11.8905
11.909
11.7119
11.4391
11.7867
11.5912
11.5935
12.0508
11.8931
12.0527
11.5265
11.6426
11.5191
11.4838
11.5316
11.9538
11.6126
11.5839
11.5429
11.7404
11.5642
11.2039
11.9193
11.7256
11.5762
11.8654
11.3397
11.3006
11.823
11.3824
11.6729
11.4241
11.5481
11.9456
11.5013
11.5931
11.578
11.5714
11.8194
11.6964
12.0561
11.4355
11.9044
11.5997
11.7983
11.6782
11.5754
11.5727
11.3483
11.7545
11.0499
11.6227
11.3011
11.6017
11.8902
11.8922
11.4536
11.8376
11.7728
11.6156
11.6862
11.3071
11.3873
11.8886
11.1465
11.6741
11.2595
11.4663
11.0117
11.304
11.7232
11.7428
11.7009
11.4527
11.5498
11.6273
11.516
11.1124
11.7011
11.739
11.8531
11.3873
11.5136
11.7634
11.6822
11.9159
11.5789
11.5705
11.4782
12.0424
11.7016
11.6816
11.6334
11.8382
11.3089
11.823
11.459
11.3223
11.417
11.8887
11.5533
11.4233
11.5151
11.5337
11.7089
11.4695
11.9761
11.5279
11.9866
11.4177
11.2556
11.1498
11.266
11.4332
11.5244
11.9033
11.5109
11.5323
11.4929
11.5618
11.8164
11.7998
11.3409
11.8035
11.7799
11.5793
11.8446
11.9149
11.3873
11.6729
11.8721
11.3815
11.6593
11.7001
11.4098
11.914
11.4756
11.5027
11.8093
11.67
11.9005
12.0271
11.3891
11.6
11.5743
11.2389
11.5578
11.5241
11.5594
11.6914
11.6414
11.363
11.4061
11.6974
12.127
11.5426
11.7995
11.4304
11.3419
11.7188
11.7255
11.3931
11.7868
11.3379
11.732
11.5543
11.6487
11.5686
11.7422
11.9036
11.7931
11.6333
11.6479
11.4228
11.3091
11.3693
11.8169
11.3546
11.4484
11.1996
11.6319
11.8629
11.7619
11.3092
11.6493
11.5966
11.3777
11.5833
12.0157
11.5398
11.5275
11.3182
11.6498
11.2507
11.533
11.4227
11.4535
11.669
11.6457
11.2713
11.8984
11.2981
11.5763
11.0324
11.7796
11.5048
11.8213
11.6059
11.2959
11.5064
11.5264
11.2078
11.5837
12.2135
11.8473
11.6328
11.4426
11.6161
11.5578
11.6253
11.3196
11.7793
11.7578
11.8376
11.3032
11.5717
11.6463
11.4994
11.4241
11.8721
11.5998
11.7738
12.0674
11.6333
11.4847
11.3805
11.5007
11.4949
11.6939
11.489
11.2368
11.1222
11.5595
11.5403
11.4849
11.7182
11.8329
11.4669
11.5359
10.937
11.4043
11.6695
11.3796
11.6543
11.4535
11.7426
11.7376
11.743
11.9172
11.6842
11.1863
11.6353
11.2305
11.4794
11.4814
11.5423
11.6337
11.7237
11.6714
11.8769
11.783
11.6542
11.7286
11.1028
11.7026
11.2042
11.3714
11.7162
11.338
11.5611
11.3136
11.7711
11.877
11.9353
11.479
11.4702
11.4208
11.5141
11.1316
11.6404
11.3279
11.7622
11.3487
11.5294
11.6214
11.6465
11.6871
11.7969
11.7003
11.5149
11.3894
11.6505
11.553
11.6427
11.7787
11.3206
11.6192
11.6295
11.7836
11.4476
10.9508
11.2885
11.6951
11.6643
11.2602
11.5199
11.8427
11.5523
11.6066
11.5475
11.952
11.6174
11.8152
11.5588
11.7134
11.712
11.2552
11.5481
11.3815
11.5998
11.5035
11.5397
11.6877
11.5235
11.7937
11.5165
11.6574
11.893
11.8982
11.7039
11.2029
11.5138
11.5625
11.7533
11.0945
11.3068
11.1338
11.7586
11.7785
11.6245
11.7639
11.5266
11.5425
11.8531
11.4537
11.6315
12.0989
11.5335
11.6124
11.5749
11.7071
11.2559
11.613
11.8805
11.5202
12.065
11.4032
11.5872
11.948
11.9947
11.2673
11.9849
11.4676
11.4047
10.9868
11.4765
12.0338
11.582
11.5005
11.9416
11.7453
11.8175
11.6246
11.456
11.6366
11.805
12.0022
11.621
11.7927
11.8091
11.517
11.8518
12.0639
11.8928
11.7124
11.8101
11.518
11.6458
11.366
11.8722
11.862
11.6172
11.8334
12.0071
11.8295
11.6588
11.4211
11.8876
11.4189
11.8169
11.8651
11.6541
11.6894
11.3437
11.9303
11.436
11.7488
11.68
11.5897
12.0422
11.8186
11.8652
11.6859
12.0707
11.742
11.9193
11.9456
11.6593
11.7738
11.5035
11.9374
11.2378
11.766
11.6548
11.7729
11.9623
11.9458
11.8151
11.461
11.7863
11.6507
11.6767
11.4335
11.9052
11.3958
11.6783
11.7311
11.4668
11.5975
11.5183
11.6887
11.7012
11.7299
11.7079
11.7237
11.9777
11.9095
11.5481
11.3234
12.0095
11.6226
11.774
11.8147
11.9076
11.6318
11.677
11.8482
11.655
11.7011
11.5684
11.791
11.2302
11.6357
11.44
11.751
11.8493
11.6254
11.5016
11.6356
11.9629
11.8126
11.492
11.7452
11.8478
11.7778
11.8308
11.3277
11.6129
11.8522
11.7149
11.3961
11.718
11.6552
11.6386
11.9557
11.8722
11.971
11.8804
11.8219
11.8543
11.3421
11.6736
11.9239
11.9046
12.1805
11.696
11.5291
11.5266
11.6328
11.6214
11.7508
11.4272
11.562
12.0817
11.7607
11.9505
11.7296
11.3501
11.6905
11.5778
11.8722
11.3165
11.8181
12.0388
11.5514
11.5013
11.7001
12.0674
11.5397
11.9374
11.7397
11.6308
11.4714
11.6478
11.8483
11.9923
12.0651
11.673
11.4527
11.6565
11.6212
11.6644
11.668
11.7408
11.5155
11.5508
11.5937
11.3607
11.718
11.6666
11.5468
11.8455
11.3867
11.444
11.9139
11.2916
11.2887
11.2578
11.7022
11.0779
11.5105
11.5455
11.4303
11.4814
11.4697
11.4631
11.9418
11.4451
11.3421
11.5933
11.4359
11.4534
11.2162
11.3961
11.6573
11.2675
11.3738
11.7403
11.5736
11.541
11.3273
11.5123
11.3732
11.5357
11.9262
11.4248
11.424
11.5375
11.4383
11.4375
11.2505
11.5168
11.4163
11.2152
11.1567
11.4019
11.7607
11.416
11.4928
11.3838
11.6344
11.5446
11.3403
11.4519
11.1301
11.6541
11.1164
11.4293
11.5567
11.6262
11.5323
11.3618
11.2206
11.2622
11.6619
11.3415
11.4253
11.2014
11.7743
11.6705
11.362
11.5135
11.9088
11.2363
11.5931
11.4098
11.6333
11.6877
11.2378
11.7397
11.4568
11.4056
11.6561
11.8987
11.4224
11.5477
11.651
11.5366
11.5462
11.7366
11.5767
11.486
11.4116
11.4255
11.5923
11.2464
11.4366
11.2495
11.1784
11.2289
11.5546
11.5326
11.4489
11.772
11.8796
11.8157
11.4148
11.7594
11.4454
11.435
11.5262
11.3374
11.8122
11.4123
11.6623
11.6549
11.4273
11.7637
11.8383
11.5467
11.5707
11.9874
11.5564
11.7208
11.3709
11.222
12.0646
11.4679
11.5783
11.4391
11.7318
11.8126
11.3451
11.3865
12.0465
11.7251
11.7872
11.4357
11.5191
11.9012
11.4331
11.6256
11.7861
11.5511
11.7846
11.5398
11.4863
11.7481
11.4889
11.9221
11.5398
11.5433
11.7668
11.8616
11.6502
11.3917
11.248
11.4689
11.7632
11.8341
11.6087
11.8562
11.7384
11.3354
11.7569
11.638
11.2016
12.0542
11.5525
11.1741
11.79
11.6373
11.6784
11.578
11.914
11.4847
11.5235
11.766
11.6308
11.4568
11.609
11.6565
11.5358
12.0228
11.9348
11.8372
11.5567
11.7496
11.8191
11.5029
11.9955
11.5335
11.5205
11.8293
11.6905
11.834
11.8367
11.6469
11.628
11.4022
11.3776
11.3578
11.9957
11.6561
11.7114
11.4422
11.4147
11.3992
11.4881
11.4132
11.2796
11.2256
11.3963
11.5429
11.7907
11.4615
11.5882
11.4464
11.6974
11.3522
11.4538
11.6521
11.613
11.8258
11.4362
11.4655
11.4686
11.7924
11.5232
11.5567
11.8086
11.7712
11.5187
11.4697
11.5128
11.5155
11.7701
11.3093
11.8709
11.6338
11.3694
11.4542
11.4658
11.3477
11.7455
11.615
11.7205
11.4986
11.8702
11.9131
11.7766
11.5957
11.6069
11.58
10.9156
11.3355
11.3193
11.7724
11.1294
11.5646
11.4219
11.599
11.6483
11.4222
11.516
11.805
11.7481
11.7046
11.2768
11.5145
11.7596
11.574
11.5714
11.4756
11.3805
11.7937
11.6548
11.4714
11.4056
11.609
11.3026
11.7387
11.7918
11.6308
11.6833
11.3889
11.4004
11.5176
11.6574
11.8221
11.5708
11.7502
11.8174
11.4266
11.578
11.2639
11.9017
11.6387
11.8998
11.8169
11.5139
11.7417
11.7523
11.4936
11.5906
11.9858
11.292
11.5938
11.3538
11.2636
11.6176
11.7972
11.9856
11.8012
11.5503
11.7084
11.4317
11.4015
11.4756
11.7984
11.5064
12.0059
11.6022
11.724
11.4183
11.2642
11.8364
11.5744
11.6897
11.7161
11.3005
11.8972
11.5889
11.7614
11.6297
11.6453
11.47
11.5674
11.1284
11.8216
11.6055
11.7085
11.4766
11.9426
11.3355
11.5644
11.5576
12.0202
11.9147
12.085
11.6083
11.7494
11.3765
11.4584
11.497
11.4956
11.8195
11.736
11.5959
11.5365
11.3989
11.7289
11.7486
11.4198
11.6834
11.5633
12.0372
11.5073
11.6917
12.0963
11.6679
11.8194
11.5027
11.5007
11.5165
11.7729
11.6478
11.6561
11.6565
11.3026
11.92
12.4034
11.6157
11.9532
11.751
11.6758
12.0033
11.5382
11.8541
11.5108
11.473
11.9095
11.4399
11.59
11.6808
11.6201
11.6652
11.3689
11.6957
11.7805
11.8381
11.6432
11.7306
11.4045
11.6729
11.4461
11.3939
11.4566
11.6557
11.6896
11.5153
11.8714
11.7726
11.555
11.6647
11.7392
11.9724
11.8978
11.5279
11.521
12.0323
11.4541
11.6416
11.6585
11.4491
11.7001
11.6523
11.4339
11.6522
11.5876
11.5866
11.5002
11.701
11.4404
11.4247
11.4201
11.5541
11.4512
11.6499
11.7665
11.6062
11.6801
11.7817
11.4835
11.5425
11.4277
12.2161
11.5531
11.8435
11.6681
11.659
11.7801
11.5987
11.4695
11.5808
11.6976
11.8827
11.6477
11.7453
11.8126
11.8423
11.5196
11.6439
11.4607
11.8465
11.8148
11.56
11.8161
11.9703
11.4577
11.6964
11.8093
11.4949
11.6574
11.9623
11.8483
11.8987
11.5358
11.7387
11.92
11.655
12.0598
11.3846
11.7396
11.5566
11.4861
11.6219
11.6089
11.6023
11.9235
11.3734
11.9228
11.6014
11.5106
11.6052
11.3128
11.5398
11.7011
11.9318
11.8826
12.0269
11.9167
11.7748
11.7345
11.6845
11.9052
11.8673
11.765
11.7698
11.7186
11.5803
11.7207
11.7683
11.8006
11.5715
11.5625
11.5986
11.7134
11.5444
12.093
11.6465
11.8292
11.6914
11.9232
11.735
11.4312
11.7203
11.4951
11.5082
11.8477
11.6291
11.6607
11.8086
11.854
11.6707
11.6696
11.6136
11.8823
11.7385
11.9045
11.6163
11.582
11.7564
11.8811
11.867
11.7891
11.6649
11.7543
11.3415
11.8855
11.7221
11.3021
11.525
11.8853
12.0692
11.9427
11.8193
11.8021
11.7235
11.6008
11.8776
11.5607
12.105
11.8549
11.9606
11.5589
11.7981
12.0719
11.5259
12.0561
11.67
11.6939
11.893
11.9458
11.9923
11.4224
12.0228
11.7918
12.4034
11.655
11.8835
11.7659
11.5201
11.7586
11.8143
12.0606
11.6849
11.7985
11.2796
11.606
11.6368
11.758
11.6836
11.9151
11.8212
11.6354
11.7559
11.8237
11.7859
11.6769
11.825
11.7509
12.1142
11.4528
11.7625
11.6533
11.7327
11.7249
11.619
11.9489
12.2117
11.8545
11.3331
11.8489
11.681
11.5152
11.6209
11.6475
11.8687
11.7411
11.9972
11.5433
11.8628
11.8636
11.6151
11.7047
11.8896
11.7056
11.8873
11.9084
11.6958
11.4101
11.7725
11.8123
12.1169
11.5679
11.4749
11.932
11.8908
11.7591
11.8169
11.9644
11.508
11.4103
11.6485
11.6103
12.0045
12.0021
11.7705
11.3558
11.565
11.7595
11.8791
11.8687
11.908
11.5285
11.2016
11.8805
11.589
11.5086
11.4086
11.8411
11.6029
12.3139
11.7945
11.7672
11.8689
11.5008
11.4355
11.9005
11.489
11.8982
11.8151
12.0651
11.5477
11.9348
11.6308
11.6157
12.0598
11.8835
11.7281
11.6634
12.0558
11.9293
11.4481
11.67
11.9776
11.7892
11.8659
11.6862
11.8985
11.6604
12.0228
11.518
11.8694
11.8501
11.4972
11.5186
11.6037
11.6052
11.1111
11.7835
11.5204
11.562
11.8616
11.7701
11.6046
11.6805
11.7055
11.7032
11.8193
11.6167
11.431
11.749
11.9235
11.7602
11.3957
11.7868
11.6407
11.6215
11.7714
11.6226
11.7725
11.4094
11.5239
12.1103
11.3615
11.725
11.3991
11.3957
11.6381
11.3369
11.846
11.9894
11.6074
11.925
11.598
11.6936
11.7042
11.7357
11.7533
11.8141
11.4991
11.6551
11.8352
11.6551
11.5088
11.6411
11.759
11.5501
11.5265
11.6311
11.5613
11.8466
11.4702
11.6627
11.9615
11.7416
11.642
11.6682
11.6558
11.6948
11.5994
11.3411
11.7107
12.2553
11.6709
11.9044
12.0271
11.2368
11.7039
11.461
11.673
11.651
11.8372
11.6833
11.9532
11.3846
11.7659
11.7281
11.5135
11.7353
11.7901
11.5818
11.5498
11.8439
11.4797
11.8659
11.347
11.5307
11.1272
11.8327
11.9599
11.5267
11.6203
11.5098
11.8625
11.7758
11.5312
11.4859
11.2785
11.3477
11.7377
11.8308
11.5481
11.4666
11.7521
11.7894
11.7118
11.6329
11.6028
11.4734
11.5557
11.7059
11.4215
11.5446
11.5263
11.3831
11.2621
11.3257
11.7044
11.5676
11.426
11.5765
11.642
11.6105
11.5024
11.5559
11.622
11.3508
11.5174
11.5233
11.8729
11.1676
11.7311
11.9791
11.6
11.4093
11.3584
11.4742
11.5766
11.5006
11.2723
11.4852
11.5911
11.1545
11.7351
11.2695
11.1088
11.1768
11.3461
11.5522
11.7917
11.8384
11.5722
11.5214
11.682
11.5249
11.8294
11.5309
11.5387
11.6539
11.2261
11.7059
11.8525
11.4889
11.5997
11.3891
11.1222
11.2029
11.7863
11.4527
11.5366
11.5567
11.3889
11.751
11.7396
11.5201
11.6634
11.5135
11.5342
11.5974
11.9192
11.6833
11.5308
11.7729
11.2385
11.4418
11.3117
11.8914
11.8698
11.6564
11.5029
11.5749
11.812
11.8077
11.3577
11.651
11.2923
11.6726
11.6658
11.4438
11.3833
11.2088
11.5441
11.5038
11.7704
11.5635
11.5445
11.6039
11.1834
11.7956
11.3055
11.7958
11.3151
11.7222
11.8582
11.3617
11.3646
11.7758
11.5806
11.0421
11.5757
11.8522
11.464
11.7676
11.5523
11.7352
11.5096
11.6592
11.4359
11.6673
11.6561
11.6678
11.6735
12.0575
11.6525
11.8473
11.3101
11.5118
11.5389
11.793
11.9828
11.4455
11.6181
11.3678
11.8449
11.4933
11.2175
11.5846
11.4045
11.8008
11.305
11.6167
11.9291
11.7976
11.4111
11.3735
11.8218
11.9534
11.5174
11.5457
11.7121
12.1178
11.511
11.7983
11.6
11.5595
11.5138
11.6507
11.6565
11.5462
11.7496
11.4004
11.6758
11.5566
11.7586
12.0558
11.7353
11.5342
11.4664
11.5747
11.8918
11.5271
11.3036
11.7586
11.3684
11.5608
11.3954
11.5437
11.7313
11.9362
11.4829
11.6142
11.5302
11.6182
11.6181
11.4019
11.7011
11.3366
11.7237
11.6914
11.5947
11.9336
11.5531
11.6934
11.674
11.6475
11.4396
11.5124
11.6995
11.6775
11.4521
11.6093
11.9984
11.522
11.5061
11.4549
11.3647
11.9338
11.7053
11.8352
11.7063
11.803
11.6328
11.83
11.7267
11.6325
11.4546
11.4764
11.5941
11.6101
11.6501
11.8725
11.5124
11.4825
11.6986
11.6789
11.5002
11.3664
11.6993
11.8561
11.779
11.5229
11.5567
12.1048
11.3169
11.8455
11.6472
11.644
11.7163
11.5619
11.9914
11.7492
11.4368
11.4398
11.5979
11.5211
11.9281
12.1402
11.3756
11.9758
11.8116
11.713
11.6782
11.5743
11.5403
11.5625
11.6767
11.6212
11.7366
11.8191
11.5176
12.0033
11.4861
11.8143
11.9293
11.7901
11.5974
11.4664
11.8865
11.7644
11.8753
11.6171
11.7595
11.4013
11.4048
11.3145
11.7664
11.042
11.772
11.561
11.6067
11.7988
11.4998
11.3721
11.5291
11.6734
11.732
11.2225
11.6967
11.3987
11.6956
11.612
11.976
11.7763
11.6715
11.5263
11.7631
11.6799
11.3623
11.6114
11.512
11.635
11.3784
11.6624
11.7053
11.2996
11.4335
11.7507
11.2691
11.4462
11.4581
11.6171
11.5173
11.6823
11.1916
11.4026
11.814
11.6642
11.2979
11.7958
11.4501
11.8054
11.7086
11.8146
11.5571
11.9609
11.5251
11.4756
12.0978
11.282
11.8111
11.7192
11.7634
11.3774
11.5036
11.654
11.5682
11.6419
11.399
11.5608
11.6811
11.6684
11.382
11.2098
11.2019
11.8065
11.8182
11.3694
11.3006
11.7807
11.7655
11.5754
11.2389
11.4849
11.7533
11.4335
11.6644
11.5767
11.5029
11.6574
11.5382
11.6219
12.0606
11.4481
11.5818
11.9192
11.5747
11.8865
11.5613
11.3474
11.3669
11.6106
11.4551
11.1955
11.3088
11.6859
11.4456
11.7753
11.7535
11.6599
11.618
11.4621
11.656
11.2495
11.546
11.2897
11.7335
11.7048
11.9267
11.6015
11.9078
11.3372
11.9773
11.9174
11.9235
11.7016
11.8003
11.6554
11.3666
11.3472
12.0291
11.7786
11.6167
11.5811
11.5251
11.6769
11.6032
11.4729
11.4791
11.5095
11.9335
11.5227
11.7639
11.5289
11.1
11.9582
11.7564
11.7942
11.9337
11.6438
11.6557
11.7634
11.6516
11.7928
11.4677
11.4699
11.5898
11.921
11.5838
11.1987
11.5811
11.3844
11.6116
11.3619
11.5983
11.9645
11.6078
11.5407
11.7057
11.4647
11.3839
11.3419
11.4653
11.7524
12.0525
11.9394
11.7293
11.7219
11.7983
11.6412
11.5727
11.5578
11.7182
11.0945
11.9052
11.668
11.486
11.9955
11.8221
11.8541
11.6089
11.6849
11.67
11.5498
11.6833
11.8918
11.7644
11.5613
11.328
11.7746
11.6268
11.7113
11.3533
11.5874
11.7895
11.5792
11.6032
11.6952
11.8367
11.8284
11.5412
11.7439
11.4186
11.3507
10.9284
11.6998
11.3553
11.7969
11.5627
11.348
11.3124
11.9209
11.4033
11.58
11.5114
11.4246
11.7442
11.2574
11.5268
11.54
11.3831
11.3152
11.5002
11.3977
11.8648
11.6012
11.4766
11.3525
11.414
11.9665
11.55
11.6086
11.4855
11.5925
11.5871
12.0291
11.702
11.7328
11.5645
11.6315
11.798
11.5931
11.6502
11.5457
11.3484
11.5775
11.84
11.3515
11.2897
11.2424
11.5629
11.5902
11.5196
11.3648
11.6539
11.8546
11.3227
11.461
11.5219
11.3581
11.1959
11.5264
11.4856
11.7611
11.5277
11.4131
11.5844
11.5858
11.221
11.3483
11.5241
11.8329
11.3068
11.3958
11.7408
11.4116
11.5335
11.5708
11.5108
11.6023
11.7985
11.9776
11.8439
11.5308
11.5271
11.8753
11.3474
11.328
11.8807
11.5269
11.7146
11.2263
11.5337
12.0242
11.7159
11.6535
11.2643
11.549
11.8972
11.4335
11.3986
11.255
11.6102
11.1532
11.372
11.1371
11.37
11.5925
11.5458
11.7274
11.4428
11.6948
11.4468
11.5473
11.566
11.4433
11.3704
11.5569
12.0434
11.2615
11.4663
11.5612
11.5611
11.8614
11.4719
11.4105
11.7101
11.2641
11.5437
11.6559
11.6457
11.58
11.6642
11.5186
11.6939
11.3034
11.348
11.8575
11.2497
11.3683
11.6421
11.4427
11.5458
11.1485
11.5368
11.5023
11.6668
11.6658
11.5837
11.1179
11.284
11.5756
11.6198
11.5967
11.6249
11.208
11.8124
11.3903
11.2622
11.4403
11.1879
11.7362
11.6179
11.6926
11.3302
11.6017
11.5741
11.394
11.7545
11.5594
11.4669
11.1338
11.6783
11.5155
11.4255
11.5205
11.7502
11.473
11.9235
11.2796
11.7892
11.4797
11.7729
11.3036
11.6171
11.3669
11.7746
11.8807
11.6485
11.5741
11.6725
11.2043
11.3683
11.3396
11.6667
11.659
11.3489
12.0516
11.7029
11.6357
11.2622
11.5435
11.4766
11.2755
11.8543
11.4516
11.738
11.3275
11.8956
11.912
11.7625
11.5289
11.4087
11.3996
11.7926
11.3776
11.3523
12.0113
11.4566
11.314
11.6474
11.7651
11.5263
11.2739
11.6495
11.4376
11.3709
11.9466
11.7195
11.4931
11.6387
11.5692
11.622
11.544
11.8117
11.7318
11.429
11.5722
11.5762
11.7054
11.5057
11.5576
11.5712
11.853
11.6702
11.8488
11.6225
11.0454
11.6016
11.8742
11.4843
11.5787
11.5496
11.6697
12.0058
11.3659
11.4581
11.9891
11.3818
11.6789
11.788
11.8068
12.0316
11.4492
11.6319
12.1736
11.3781
11.0499
11.6914
11.5359
11.7586
11.7311
11.5508
11.5923
11.8293
11.8174
11.9095
11.3734
11.606
11.8659
11.8659
11.2385
11.7586
11.7595
11.6106
11.6268
11.5269
11.6485
11.4339
12.009
11.3514
11.8783
11.5509
11.3568
11.7084
11.5566
11.698
11.4743
11.4576
11.5408
11.7469
11.3286
11.5244
11.1547
11.5511
11.4446
11.4524
11.7432
11.7767
11.1005
11.3095
11.3858
11.4663
11.3446
11.4752
11.78
11.6375
11.5941
11.3721
11.7106
11.4307
11.5343
11.5824
11.4993
11.8457
11.4955
11.5034
11.545
11.3632
11.2743
11.3469
11.5643
11.5169
11.2828
11.6895
11.2299
11.6867
11.2703
11.6396
11.7222
11.4312
11.3581
11.6238
11.6411
11.4255
11.6606
11.6302
11.612
11.3341
11.1819
11.4834
11.7746
11.6657
11.3085
11.2868
11.4805
11.2339
11.601
11.173
11.2674
11.9211
11.3875
11.3088
11.4163
11.9327
11.4621
11.6227
11.6414
10.937
11.7785
11.4668
11.5937
11.2464
11.6905
11.4266
11.4399
11.9228
11.6368
11.6862
11.347
11.4418
11.3684
11.4013
11.4551
11.7113
11.7146
11.5741
11.4339
11.093
11.2911
11.3397
11.5752
11.6032
12.0428
11.3256
11.4036
11.5441
11.7711
11.511
11.8183
11.3843
11.2462
11.4798
11.5163
11.5195
11.7519
11.5111
11.8884
11.5126
11.5849
11.3931
11.5152
11.1868
11.7171
11.4553
11.4928
11.4572
11.312
11.6147
11.6372
11.7694
11.3153
11.3188
11.4224
11.4146
11.478
11.4254
11.3817
11.3734
11.63
11.5408
11.8676
11.4322
11.3264
11.6281
11.3335
11.579
11.4892
11.4021
11.4431
11.4866
11.6506
11.5362
11.6499
11.7081
11.6837
11.7377
11.0189
11.5929
11.3251
11.7158
11.3244
11.3755
11.4339
11.7031
11.1801
11.5172
11.3265
11.3597
11.5536
11.6975
11.2416
11.2427
11.9574
11.2058
11.3011
11.363
11.4043
11.6245
11.5975
11.3607
11.4366
11.834
11.578
11.59
11.6014
11.758
11.8985
11.5307
11.3117
11.5608
11.4048
11.1955
11.3533
11.2263
11.6725
12.009
11.093
11.1355
11.0101
11.3748
11.1775
11.6327
11.5353
11.7887
11.2606
11.4407
11.0623
11.2852
11.5892
11.5948
11.4995
11.5421
11.5708
11.6353
11.588
11.6072
11.0214
11.2165
11.5301
11.5615
11.2929
11.0324
11.3406
11.7264
11.4697
11.2728
11.3891
11.7775
11.5926
11.4114
11.5957
11.5684
11.333
11.7705
11.5775
11.5833
11.4302
11.6419
11.6166
11.5796
11.6766
11.8687
11.2894
11.3768
11.4385
11.3776
11.4561
11.43
11.2809
11.4827
11.4171
11.6878
11.4117
11.3958
11.8188
11.1519
11.3725
11.1348
11.4299
11.5655
11.5975
11.6653
11.3644
11.5123
11.1203
11.5988
11.6091
11.8586
11.3603
11.2855
11.3907
11.994
11.506
11.6017
11.4061
11.6695
11.7639
11.5183
11.718
11.2495
11.8367
11.2639
11.6808
11.5106
11.6836
11.6604
11.1272
11.8914
11.3954
11.3145
11.3088
11.5874
11.5337
11.2043
11.3514
11.2911
11.1355
11.5798
11.5787
11.829
11.5485
11.8397
11.7997
11.8698
11.6924
11.5922
11.7531
11.9456
11.7087
11.636
11.9777
11.6453
11.87
11.5021
11.8488
11.5628
11.5268
11.6932
11.6726
11.4369
11.5095
11.8519
12.0944
11.5054
11.6053
11.7483
11.7158
12.0718
11.7831
11.6714
11.7541
11.5088
11.5423
11.5044
11.6745
11.6995
11.6686
11.6782
11.5694
11.4625
11.6101
11.5943
11.7452
11.633
12.1032
11.574
11.8641
11.3513
11.9359
11.2784
11.9881
12.1365
11.8666
11.8131
11.4806
11.4141
11.5974
11.8806
11.9839
11.6176
11.8802
11.7696
11.4467
11.1976
11.7254
11.6335
12.034
12.0577
11.7725
11.589
12.3325
11.5909
11.8902
11.6974
11.3796
11.5266
11.6887
11.6666
11.1784
11.6469
11.9017
11.6201
11.6052
11.9151
12.0228
11.8327
11.8698
11.5437
11.7664
11.6859
11.7895
12.0242
11.3683
11.8783
11.3397
11.0101
11.5798
11.6
11.7643
11.4723
11.7682
11.8674
11.8534
11.5325
11.5446
11.7065
11.5812
11.4399
11.5696
11.5165
11.5422
11.3316
11.4043
11.7083
11.5412
11.8134
11.8376
11.5272
11.7002
11.691
11.3308
11.9627
11.5237
11.8043
11.6554
11.596
11.4481
11.5541
11.6951
11.4976
11.6355
11.5784
11.8848
11.689
11.5621
11.56
11.5022
11.3574
11.4381
11.2893
11.8413
11.4522
11.4732
11.9336
11.3811
11.5839
11.4371
11.3924
11.7603
11.8011
11.7163
12.0843
11.9358
11.087
11.2798
11.7241
11.5839
11.7246
11.5308
11.8342
11.9246
12.072
11.4766
11.4177
11.2628
11.9623
11.7546
11.2785
11.4403
12.0941
11.1759
11.8922
12.127
11.6543
11.5425
11.7012
11.5468
11.2289
11.628
11.6387
11.6652
11.3128
11.8212
11.518
11.9599
11.6564
11.7313
11.042
11.4456
11.5792
11.7159
11.3396
11.5509
11.5752
11.3748
11.5787
11.6
